 TIME                    	IColl                    	QuColl                   	QDHW                     	QAux                     	EtaColl_d                	FSol_d                   	
  +3.6240000000000000E+03	  +0.0000000000000000E+00	  +0.0000000000000000E+00	  +0.0000000000000000E+00	  +0.0000000000000000E+00	  +0.0000000000000000E+00	  +1.0000000000000000E+00	
  +3.6480000000000000E+03	  +1.1481945389192178E+04	  +2.0832361263265615E+04	  +7.0391979514887337E+00	  +1.0559421503179694E+03	  +3.6287163118737703E-01	  -1.4900885151777769E+02	
  +3.6720000000000000E+03	  +2.5000765069971425E+04	  +5.0959150784714104E+04	  +7.0391987469862851E+00	  +0.0000000000000000E+00	  +4.0766073071510761E-01	  +1.0000000000000000E+00	
  +3.6960000000000000E+03	  +2.3192535387569129E+04	  +2.5004034273108933E+04	  +7.0391999881808349E+00	  +0.0000000000000000E+00	  +2.1562139589356946E-01	  +1.0000000000000000E+00	
  +3.7200000000000000E+03	  +2.0262367644459879E+04	  +8.0811528419851575E+03	  +7.0395346362503624E+00	  +0.0000000000000000E+00	  +7.9765138839684765E-02	  +1.0000000000000000E+00	
  +3.7440000000000000E+03	  +1.9125081530744403E+04	  +1.1894376599217718E+04	  +7.0391999915895367E+00	  +0.0000000000000000E+00	  +1.2438510737821018E-01	  +1.0000000000000000E+00	
  +3.7680000000000000E+03	  +1.8713674285647965E+04	  +1.0130597608603028E+04	  +7.0396051805898887E+00	  +0.0000000000000000E+00	  +1.0826946599433115E-01	  +1.0000000000000000E+00	
  +3.7920000000000000E+03	  +1.5294135019559422E+04	  +6.7279806796097955E+02	  +7.0391999924259476E+00	  +0.0000000000000000E+00	  +8.7981185871806537E-03	  +1.0000000000000000E+00	
  +3.8160000000000000E+03	  +9.0316239095049168E+03	  +0.0000000000000000E+00	  +7.0391999368385392E+00	  +0.0000000000000000E+00	  +0.0000000000000000E+00	  +1.0000000000000000E+00	
  +3.8400000000000000E+03	  +2.3478074255939060E+04	  +3.0375360370308215E+04	  +7.0356369423359642E+00	  +0.0000000000000000E+00	  +2.5875512649735871E-01	  +1.0000000000000000E+00	
  +3.8640000000000000E+03	  +2.4159809990872989E+04	  +2.3020422585308075E+04	  +7.0391999952558368E+00	  +0.0000000000000000E+00	  +1.9056791087193223E-01	  +1.0000000000000000E+00	
  +3.8880000000000000E+03	  +1.2701530217824858E+04	  +3.9142914113931511E+02	  +7.0391999861027150E+00	  +0.0000000000000000E+00	  +6.1634958059436709E-03	  +1.0000000000000000E+00	
  +3.9120000000000000E+03	  +1.8353772488592451E+04	  +7.5831943154855398E+03	  +7.0396663778916739E+00	  +0.0000000000000000E+00	  +8.2633630989118370E-02	  +1.0000000000000000E+00	
  +3.9360000000000000E+03	  +2.5020435982785206E+04	  +2.9709745384537902E+04	  +7.0390600406326120E+00	  +0.0000000000000000E+00	  +2.3748383445229809E-01	  +1.0000000000000000E+00	
  +3.9600000000000000E+03	  +2.3485038693861876E+04	  +1.5390174415558993E+04	  +7.0391011260858765E+00	  +0.0000000000000000E+00	  +1.3106364963708025E-01	  +1.0000000000000000E+00	
  +3.9840000000000000E+03	  +1.1889502042298935E+04	  +0.0000000000000000E+00	  +7.0391999601479487E+00	  +0.0000000000000000E+00	  +0.0000000000000000E+00	  +1.0000000000000000E+00	
  +4.0080000000000000E+03	  +1.4235620460980088E+04	  +1.2705528196688680E+04	  +7.0391999276211443E+00	  +0.0000000000000000E+00	  +1.7850332876373176E-01	  +1.0000000000000000E+00	
  +4.0320000000000000E+03	  +1.3400141749571532E+04	  +1.2818043738111603E+03	  +7.0391999833613745E+00	  +0.0000000000000000E+00	  +1.9131206187919837E-02	  +1.0000000000000000E+00	
  +4.0560000000000000E+03	  +1.1509154920465380E+04	  +6.0413253994218940E+03	  +7.0390836117557392E+00	  +0.0000000000000000E+00	  +1.0498295384962332E-01	  +1.0000000000000000E+00	
  +4.0800000000000000E+03	  +2.4533449761388230E+04	  +3.6590527330410398E+04	  +7.0391999586747689E+00	  +0.0000000000000000E+00	  +2.9829092676318036E-01	  +1.0000000000000000E+00	
  +4.1040000000000000E+03	  +2.0045237172910787E+04	  +1.3568521991646890E+04	  +7.0395960173893792E+00	  +0.0000000000000000E+00	  +1.3537901172701580E-01	  +1.0000000000000000E+00	
  +4.1280000000000000E+03	  +7.2042873785034053E+03	  +0.0000000000000000E+00	  +7.0391999889840777E+00	  +0.0000000000000000E+00	  +0.0000000000000000E+00	  +1.0000000000000000E+00	
  +4.1520000000000000E+03	  +6.3793830648008852E+03	  +0.0000000000000000E+00	  +7.0391998893315364E+00	  +0.0000000000000000E+00	  +0.0000000000000000E+00	  +1.0000000000000000E+00	
  +4.1760000000000000E+03	  +9.3287904927324435E+03	  +1.2085114888198423E+03	  +7.0391136229192099E+00	  +0.0000000000000000E+00	  +2.5909285662174941E-02	  +1.0000000000000000E+00	
  +4.2000000000000000E+03	  +1.9828484107642027E+04	  +2.4639269468540231E+04	  +7.0390010089595352E+00	  +0.0000000000000000E+00	  +2.4852398533880432E-01	  +1.0000000000000000E+00	
  +4.2240000000000000E+03	  +2.2830131591629277E+04	  +2.8884269314696940E+04	  +7.0391999911216425E+00	  +0.0000000000000000E+00	  +2.5303638043886167E-01	  +1.0000000000000000E+00	
  +4.2480000000000000E+03	  +8.4167806277547952E+03	  +0.0000000000000000E+00	  +7.0391999850046352E+00	  +0.0000000000000000E+00	  +0.0000000000000000E+00	  +1.0000000000000000E+00	
  +4.2720000000000000E+03	  +7.1207975522517872E+03	  +0.0000000000000000E+00	  +7.0391998989167739E+00	  +0.0000000000000000E+00	  +0.0000000000000000E+00	  +1.0000000000000000E+00	
  +4.2960000000000000E+03	  +2.1777259807622217E+04	  +2.5011494109974101E+04	  +7.0391998987099944E+00	  +0.0000000000000000E+00	  +2.2970285821717729E-01	  +1.0000000000000000E+00	
  +4.3200000000000000E+03	  +2.3220867793526191E+04	  +2.1600950468706833E+04	  +7.0391999963760821E+00	  +0.0000000000000000E+00	  +1.8604774516259012E-01	  +1.0000000000000000E+00	
  +4.3440000000000000E+03	  +1.8078870832784309E+04	  +5.7356430642668447E+03	  +7.0384433480393636E+00	  +0.0000000000000000E+00	  +6.3451341815024778E-02	  +1.0000000000000000E+00	
  +4.3680000000000000E+03	  +2.3124838793516959E+04	  +2.0905374040149396E+04	  +7.0392360163765355E+00	  +0.0000000000000000E+00	  +1.8080449534488782E-01	  +1.0000000000000000E+00	
  +4.3920000000000000E+03	  +2.1421744062009515E+04	  +1.3668123215782756E+04	  +7.0391098839896298E+00	  +0.0000000000000000E+00	  +1.2760980782974565E-01	  +1.0000000000000000E+00	
  +4.4160000000000000E+03	  +1.8881061455651670E+04	  +1.2127443811088595E+04	  +7.0394368911157965E+00	  +0.0000000000000000E+00	  +1.2846146218469118E-01	  +1.0000000000000000E+00	
  +4.4400000000000000E+03	  +1.6881321645718082E+04	  +1.2662012122744322E+03	  +7.0377881800768325E+00	  +0.0000000000000000E+00	  +1.5001209488601869E-02	  +1.0000000000000000E+00	
  +4.4640000000000000E+03	  +1.2231507477228342E+04	  +3.3262609094002191E+03	  +7.0391999615181362E+00	  +0.0000000000000000E+00	  +5.4388404953983005E-02	  +1.0000000000000000E+00	
  +4.4880000000000000E+03	  +1.4670922084725640E+04	  +7.9247741461255582E+03	  +7.0394065910911259E+00	  +0.0000000000000000E+00	  +1.0803375684570309E-01	  +1.0000000000000000E+00	
  +4.5120000000000000E+03	  +1.1591244897225457E+04	  +1.1124350011527349E+03	  +7.0391999722971850E+00	  +0.0000000000000000E+00	  +1.9194400791235442E-02	  +1.0000000000000000E+00	
  +4.5360000000000000E+03	  +2.5457688697162721E+04	  +4.2165931983321345E+04	  +7.0358094130555244E+00	  +0.0000000000000000E+00	  +3.3126284545768298E-01	  +1.0000000000000000E+00	
  +4.5600000000000000E+03	  +1.0936193612871701E+04	  +7.5680701694258732E+02	  +7.0391999964191267E+00	  +0.0000000000000000E+00	  +1.3840409994899850E-02	  +1.0000000000000000E+00	
  +4.5840000000000000E+03	  +2.2898608285831571E+04	  +2.5235837686253264E+04	  +7.0362857799159979E+00	  +0.0000000000000000E+00	  +2.2041372445894392E-01	  +1.0000000000000000E+00	
  +4.6080000000000000E+03	  +2.1811754527553181E+04	  +1.4915893980821495E+04	  +7.0393278700082877E+00	  +0.0000000000000000E+00	  +1.3676931823015501E-01	  +1.0000000000000000E+00	
  +4.6320000000000000E+03	  +7.4927654302083656E+03	  +0.0000000000000000E+00	  +7.0391999583391360E+00	  +0.0000000000000000E+00	  +0.0000000000000000E+00	  +1.0000000000000000E+00	
  +4.6560000000000000E+03	  +1.3882476106873335E+04	  +4.6675131191560604E+03	  +7.0393778444260917E+00	  +0.0000000000000000E+00	  +6.7243236482544946E-02	  +1.0000000000000000E+00	
  +4.6800000000000000E+03	  +1.0919265060192580E+04	  +2.2136293980864657E+03	  +7.0391999913187524E+00	  +0.0000000000000000E+00	  +4.0545391761135238E-02	  +1.0000000000000000E+00	
  +4.7040000000000000E+03	  +2.0747997754786757E+04	  +2.1410935933870245E+04	  +7.0391742355698366E+00	  +0.0000000000000000E+00	  +2.0639038221145126E-01	  +1.0000000000000000E+00	
  +4.7280000000000000E+03	  +2.0344300631332855E+04	  +2.2045004381447019E+04	  +7.0390522934149704E+00	  +0.0000000000000000E+00	  +2.1671921567338759E-01	  +1.0000000000000000E+00	
  +4.7520000000000000E+03	  +2.5129003347129026E+04	  +2.2633147894645972E+04	  +7.0393461779834565E+00	  +0.0000000000000000E+00	  +1.8013565903760095E-01	  +1.0000000000000000E+00	
  +4.7760000000000000E+03	  +1.4982176684418831E+04	  +4.9651917001374450E+03	  +7.0392830198088978E+00	  +0.0000000000000000E+00	  +6.6281312851354440E-02	  +1.0000000000000000E+00	
  +4.8000000000000000E+03	  +1.0754708159934671E+04	  +8.1613063499546411E+02	  +7.0391999927435540E+00	  +0.0000000000000000E+00	  +1.5177178642944123E-02	  +1.0000000000000000E+00	
  +4.8240000000000000E+03	  +7.2416194073951820E+03	  +0.0000000000000000E+00	  +7.0391999399360961E+00	  +0.0000000000000000E+00	  +0.0000000000000000E+00	  +1.0000000000000000E+00	
  +4.8480000000000000E+03	  +1.9674615097385198E+04	  +2.8860270737716870E+04	  +7.0393502984052736E+00	  +0.0000000000000000E+00	  +2.9337570869438861E-01	  +1.0000000000000000E+00	
  +4.8720000000000000E+03	  +2.5087313120968432E+04	  +2.7905319559755510E+04	  +7.0392732445392259E+00	  +0.0000000000000000E+00	  +2.2246558987785162E-01	  +1.0000000000000000E+00	
  +4.8960000000000000E+03	  +2.2656335199522244E+04	  +1.6895052718795068E+04	  +7.0394140406072649E+00	  +0.0000000000000000E+00	  +1.4914197349094829E-01	  +1.0000000000000000E+00	
  +4.9200000000000000E+03	  +2.5292334867153349E+04	  +2.1207592832267630E+04	  +7.0394265587813933E+00	  +0.0000000000000000E+00	  +1.6769976313765961E-01	  +1.0000000000000000E+00	
  +4.9440000000000000E+03	  +2.1586711372334896E+04	  +1.2793594848182402E+04	  +7.0392433558462830E+00	  +0.0000000000000000E+00	  +1.1853213421345773E-01	  +1.0000000000000000E+00	
  +4.9680000000000000E+03	  +2.5871207254150217E+04	  +1.9830913556952040E+04	  +7.0393705743098476E+00	  +0.0000000000000000E+00	  +1.5330489498991196E-01	  +1.0000000000000000E+00	
  +4.9920000000000000E+03	  +2.2847297929065204E+04	  +1.6515474993466451E+04	  +7.0392013115400296E+00	  +0.0000000000000000E+00	  +1.4457267589890102E-01	  +1.0000000000000000E+00	
  +5.0160000000000000E+03	  +1.9639894416095514E+04	  +1.2456364990002265E+04	  +7.0397252895285130E+00	  +0.0000000000000000E+00	  +1.2684757591840243E-01	  +1.0000000000000000E+00	
  +5.0400000000000000E+03	  +2.3620922080503420E+04	  +1.8538829753383943E+04	  +7.0394002335749937E+00	  +0.0000000000000000E+00	  +1.5696956867343315E-01	  +1.0000000000000000E+00	
  +5.0640000000000000E+03	  +2.4959986303868103E+04	  +1.9133646058324623E+04	  +7.0395154905939803E+00	  +0.0000000000000000E+00	  +1.5331455574722111E-01	  +1.0000000000000000E+00	
  +5.0880000000000000E+03	  +2.0760355743600543E+04	  +1.3359352822244904E+04	  +7.0394605773893613E+00	  +0.0000000000000000E+00	  +1.2870061560707383E-01	  +1.0000000000000000E+00	
