   329
     1ABILENE         TX        32.43       .00       .00
 10484 13421 17887 20921 23122 25066 24277 22200 18131 14930 11439  9798
    31    35    50    77   102   128   128   120   117    83    44    30
   6.5   8.8  12.5  18.4  22.4  26.8  28.8  28.7  24.5  18.9  12.3   8.0
     2AKRON-CANTON    OH        40.92       .00       .00
  4860  7371 10942 15401 18928 20872 20279 18110 14434 10300  5728  4008
    24    31    31    34    82   108   124   114   101    54    31    31
  -3.2  -2.4   2.3   9.2  14.8  20.2  22.1  21.3  17.6  11.8   4.8  -1.4
     3ALBANY          NY        42.75       .00       .00
  5181  7813 11189 15153 17817 19632 19576 17011 13282  9275  5188  4039
    25    31    31    39    66   101   114   114    88    54    34    31
  -5.8  -4.7    .8   8.3  14.3  19.7  22.2  20.9  16.6  10.8   4.2  -3.4
     4ALBUQUERQUE     NM        35.05       .00       .00
 11536 15230 20060 25290 28805 30403 28243 25990 22377 17553 12866 10528
    24    24    20    25    35    43    84    84    60    41    27    24
   1.8   4.4   7.7  13.2  18.5  23.7  25.9  24.8  21.2  14.6   6.9   2.3
     5ALLENTOWN       PA        40.65       .00       .00
  5987  8665 12238 15998 18576 20166 20030 17546 14051 10509  6449  4885
    27    27    30    44    66   101   124   114    82    57    34    27
  -2.3  -1.4   3.4   9.9  15.6  20.8  23.4  22.1  18.2  12.3   5.7   -.7
     6ALPENA          MI        45.07       .00       .00
  4109  6998 11669 15972 19524 21324 21388 17969 13119  8433  4336  3069
    24    24    31    34    49    81   108   108    77    62    34    24
  -7.9  -7.6  -3.2   4.5  10.3  16.1  18.6  17.9  13.5   8.5   1.6  -4.8
     7AMARILLO        TX        35.23       .00       .00
 10897 14112 18508 22915 25100 27159 25881 23868 19980 15928 11722  9892
    24    27    27    43    71   102   110   102    89    52    31    27
   2.2   4.3   7.6  13.6  18.7  23.7  25.9  25.3  21.0  15.3   7.9   3.6
     8ANNETTE         AK        55.03       .00       .00
  2019  4253  8138 13046 16718 16633 16333 13191  9218  4792  2481  1390
    34    38    34    38    54    67    72    72    64    48    42    38
    .8   2.6   3.5   6.0   9.7  12.6  14.3  14.6  12.2   8.3   4.4   2.2
     9APALACHICOLA    FL        29.73       .00       .00
  9679 12778 16728 21324 23726 22678 20582 19151 17425 15564 11804  9279
    77    66    88   124   143   164   176   176   159   124   101    71
  12.1  13.2  15.9  20.2  23.8  26.7  27.4  27.5  25.9  21.6  16.2  12.9
    10ASHEVILLE       NC        35.43       .00       .00
  8190 11024 14822 18925 20478 21047 20157 18461 15444 13022  9633  7463
    31    49    44    77   101   132   147   147   124    88    49    34
   3.3   4.1   7.7  13.3  17.6  21.4  23.1  22.7  19.3  13.8   7.9   3.7
    11ASTORIA         OR        46.15       .00       .00
  3572  6189  9827 14223 18252 18450 19820 17010 13427  8093  4395  2958
    58    58    54    58    67    82    88    94    88    82    67    58
   4.8   6.4   6.9   8.8  11.3  13.6  15.6  15.7  14.7  11.6   8.1   6.0
    12ATLANTA         GA        33.65       .00       .00
  8144 10996 14795 19136 21039 21720 20566 19390 16138 13618 10020  7652
    34    39    57    82   108   139   154   147   132    88    44    39
   5.8   7.2  10.6  16.2  20.6  24.2  25.6  25.3  22.4  16.9  10.8   6.4
    13AUGUSTA         GA        33.37       .00       .00
  8523 11522 15188 19616 21167 21605 20468 18920 15998 13841 10401  8182
    39    49    66    88   121   147   167   154   147   101    57    39
   7.7   9.1  12.6  17.7  22.1  25.7  26.9  26.4  23.4  17.8  12.1   8.0
    14AUSTIN          TX        30.30       .00       .00
  9811 12763 16217 18216 20809 23515 23895 21918 18227 15131 11198  9364
    57    57    94   124   132   159   167   159   151   117    82    57
   9.8  11.8  15.3  20.3  24.0  27.6  29.2  29.3  26.1  21.2  15.1  11.3
    15BAKERSFIELD     CA        35.42       .00       .00
  8698 12505 18099 23773 28476 31202 30455 27472 22605 16550 10694  7688
    48    62    57    57    66    78    77    78    77    71    62    48
   8.6  11.3  13.7  17.1  21.0  24.9  28.8  27.6  24.8  19.4  13.3   8.8
    16BALTIMORE       MD        39.18       .00       .00
  6661  9533 13190 16886 19451 21326 20691 18153 15097 11322  7494  5667
    27    34    39    57    82   124   143   143   124    88    57    31
    .8   1.6   6.0  12.1  17.6  22.4  24.8  23.8  20.3  14.1   7.8   1.8
    17BARROW          AK        71.30       .00       .00
     0   837  5567 11919 12938 17336 16559  9712  4702  1426    41     0
     2     2     3     7    22    34    42    42    34    22     5     6
 -25.9 -28.1 -26.2 -18.3  -7.2    .6   3.7   3.1   -.9  -9.3 -18.1 -24.6
    18BATON ROUGE     LA        30.53       .00       .00
  8910 11963 15655 19080 21236 21861 19812 19030 16619 14766 10445  8362
    52    62   108   132   147   176   183   183   167   132    88    77
  10.6  12.2  15.4  20.2  23.8  26.8  27.8  27.6  25.3  20.3  14.8  11.6
    19BETHEL          AK        60.78       .00       .00
  1099  3594  8381 13623 16492 17232 14637 10441  7952  4203  1534   553
    17    22    24    30    41    57    71    71    58    31    34    25
 -14.9 -13.2 -11.4  -4.2   4.5  10.9  12.6  11.3   7.2  -1.0  -8.2 -15.3
    20BETTLES         AK        66.92       .00       .00
   114  1955  6986 13940 19278 21077 17734 12201  7629  2861   457     0
     4     7    14    27    35    60    77   107    43    27    16     8
 -25.1 -22.1 -16.9  -6.4   5.4  13.4  14.4  11.1   4.4  -6.7 -18.6 -24.6
    21BIG DELTA       AK        64.00       .00       .00
   521  2804  8072 14121 18949 20231 18315 13948  8703  3701  1051   103
     4     7    14    27    35    60    77   107    43    27    16     8
 -20.5 -15.9 -10.9  -1.4   7.9  13.9  15.2  12.7   6.4  -3.8 -13.9 -20.1
    22BILLINGS        MT        45.80       .00       .00
  5516  8661 13499 17322 21708 24669 27053 22952 16683 11199  6371  4780
    24    24    27    35    52    66    71    71    50    36    28    24
  -5.6  -2.6    .3   7.0  12.5  17.0  22.1  21.2  14.9   9.6   2.1  -2.9
    23BINGHAMTON      NY        42.22       .00       .00
  4378  6535  9774 14091 16977 19082 18830 16168 12837  8843  4696  3373
    27    27    27    41    66   101   117   114    88    57    34    27
  -5.6  -5.1   -.4   7.1  12.8  18.2  20.6  19.6  15.7  10.2   3.4  -3.7
    24BIRMINGHAM      AL        33.57       .00       .00
  8019 10975 14709 18993 21074 21773 20539 19563 16508 13741  9736  7506
    39    44    66    89   114   139   159   159   132    94    57    39
   6.8   8.3  11.8  17.3  21.4  25.2  26.6  26.2  23.3  17.4  11.2   7.3
    25BISMARCK        ND        46.77       .00       .00
  5298  8803 13257 16562 20974 23376 24782 21298 15372 10302  5757  4232
     7    27    31    30    57    88   101    94    57    39    31    22
 -13.2 -10.3  -3.8   6.1  12.4  17.7  21.6  20.7  14.2   8.2  -1.7  -9.1
    26BOISE           ID        43.57       .00       .00
  5508  9530 14800 20733 25838 27955 29651 24928 19715 12913  7130  4962
    27    30    30    36    48    60    54    54    41    41    35    27
  -1.7   1.9   5.1   9.4  14.1  18.2  23.6  22.3  17.3  11.2   4.3    .1
    27BOSTON          MA        42.37       .00       .00
  5396  8053 11535 15046 18391 20622 19852 16870 14298 10096  5707  4574
    27    27    27    39    57   101   124   108    88    62    34    34
  -1.6   -.9   3.4   9.2  14.8  20.0  22.9  21.8  18.1  13.0   7.3    .6
    28BROWNSVILLE     TX        25.90       .00       .00
 10359 12886 16545 19715 21870 24006 25109 23008 19224 16330 11968  9787
   114   114   132   147   167   183   191   191   176   159   139   114
  15.7  17.4  19.8  23.8  26.3  28.2  29.1  29.1  27.6  24.3  20.1  17.1
    29BRYCE CANYON    UT        37.70       .00       .00
 10370 14024 19121 24207 27848 30131 27509 24476 21789 16625 11523  9286
    24    24    21    23    29    27    32    38    29    24    24    21
  -6.8  -4.9  -1.8   3.2   7.9  12.3  16.4  15.5  11.6   6.0   -.7  -5.3
    30BUFFALO         NY        42.93       .00       .00
  3960  6201 10083 14923 18119 20470 20160 17173 13072  8902  4578  3215
    24    31    31    43    54   101   117   114    77    54    34    31
  -4.6  -4.2    .1   7.2  12.8  18.7  21.2  20.2  16.4  10.8   4.3  -2.3
    31BURLINGTON      IA        40.78       .00       .00
  6573  9744 13223 17454 21286 24071 23661 20747 16076 12039  7532  5455
    24    31    31    44    82   117   132   132   101    66    34    31
  -5.1  -2.6   2.7  10.7  16.6  21.9  24.1  23.3  18.6  12.9   4.3  -2.4
    32BURLINGTON      VT        44.47       .00       .00
  4373  6887 10670 14711 17864 19621 19533 16740 12736  8404  4251  3214
    19    14    31    30    52    82   101   101    82    57    27    24
  -8.4  -7.4  -1.6   6.1  12.7  18.4  21.0  19.7  15.2   9.3   2.8  -5.2
    33BURNS           OR        43.58       .00       .00
  5561  8988 13472 18710 23293 25872 27918 23636 18386 11832  6736  4886
    31    27    27    29    38    38   -21    32    33    32    28    31
  -3.8   -.6   2.3   6.8  11.2  15.0  20.2  18.9  14.6   8.5   2.1  -2.3
    34CAPE HATTERAS   NC        35.27       .00       .00
  7781 10806 15053 20132 22264 23105 21797 19355 16688 12899  9906  7475
    43    39    57    82   124   147   167   167   139   108    71    39
   7.4   7.7  10.3  14.9  19.4  23.5  25.6  25.3  23.2  18.4  13.3   8.7
    35CARIBOU         ME        46.87       .00       .00
  4759  8217 12860 16050 17906 19945 20001 17031 12513  7812  4158  3524
    12    17    27    30    44    82    94    94    71    41    31    17
 -11.8 -10.6  -4.7   2.6   9.8  15.3  18.3  16.8  12.3   6.6   -.3  -8.8
    36CASPER          WY        42.92       .00       .00
  7754 11502 16355 20959 25008 28387 28765 25256 19855 13831  8684  6744
    21    21    24    30    44    55    65    60    41    31    28    24
  -4.9  -2.9   -.6   5.9  11.5  16.6  21.7  20.9  14.8   8.7   1.1  -3.2
    37CEDAR CITY      UT        37.70       .00       .00
 10014 13389 18562 23746 28001 30708 28410 25436 22339 16566 11263  8915
    24    24    21    23    29    27    32    38    29    24    24    21
  -1.8    .6   3.6   8.4  13.4  18.3  22.9  21.8  17.3  10.8   3.8   -.7
    38CHARLESTON      SC        32.90       .00       .00
  8446 11296 15192 19660 21111 20926 20416 17991 15822 13536 10601  8179
    49    65    82   101   132   167   176   176   154   124    88    49
   9.2  10.3  13.6  18.1  22.3  25.5  26.8  26.4  24.0  18.9  13.5   9.6
    39CHARLESTON      WV        38.37       .00       .00
  5656  8018 11457 15386 18606 20155 19095 17186 14436 11034  6958  4995
    31    31    30    60    94   114   139   139   108    62    34    27
   1.4   2.5   6.9  13.3  18.1  22.2  23.9  23.1  19.7  13.9   7.4   2.3
    40CHARLOTTE       NC        35.22       .00       .00
  8160 11020 14952 19236 21059 21802 20779 19236 16065 13317  9823  7631
    30    34    39    77   101   132   147   147   132    77    44    27
   5.6   6.7  10.3  16.0  20.4  24.4  25.8  25.4  22.2  16.5  10.6   5.8
    41CHATTANOOGA     TN        35.03       .00       .00
  7156  9744 13349 17588 19655 20784 19693 18499 15156 12577  8772  6587
    34    39    60    77   108   139   147   154   132    82    49    34
   4.6   6.1   9.9  15.8  20.3  24.4  26.0  25.6  22.2  16.0   9.4   5.1
    42CHEYENNE        WY        41.15       .00       .00
  8691 12118 16264 20093 22637 25626 25307 22307 18923 14093  9338  7615
    18    18    24    28    44    60    71    71    48    31    19    21
  -3.0  -1.7   -.2   5.9  11.3  16.3  20.6  19.8  14.6   8.8   1.9  -1.6
    43CHICAGO         IL        41.78       .00       .00
  5754  8620 12562 16558 20302 22777 22060 19513 15365 10996  6419  4557
    31    31    31    39    57   101   124   124    88    57    34    31
  -4.3  -2.6   2.7   9.9  15.6  21.4  23.7  23.2  18.8  13.0   4.7  -1.9
    44CINCINNATI      OH        39.07       .00       .00
  5680  8380 11659 15872 18980 20849 20098 18549 14885 11233  6679  4908
    31    31    30    52    89   124   139   132    94    66    34    27
   -.5    .7   5.4  12.2  17.3  22.3  24.2  23.6  19.9  13.8   6.6    .9
    45CLAYTON         NM        36.45       .00       .00
 10913 14080 18744 23146 25216 27437 25916 23802 20450 16269 11665  9767
    24    24    27    38    60    89   101   101    82    48    31    24
    .6   2.3   4.7  10.4  15.6  20.7  23.1  22.4  18.3  12.7   5.7   1.7
    46CLEVELAND       OH        41.40       .00       .00
  4408  6822 10467 15315 19079 20919 20745 17961 14067  9839  5290  3608
    31    31    31    39    77   101   124   124   101    57    43    42
  -2.8  -2.3   2.3   9.1  14.6  19.9  21.9  21.1  17.7  12.1   5.3   -.9
    47COLORADO SPRINGSCO        38.82       .00       .00
 10108 13371 17591 21917 24158 26884 25102 22986 19964 15419 10716  8874
    17    18    21    27    43    60    77    77    50    32    24    18
  -1.9   -.4   1.8   7.9  13.1  18.1  21.5  20.6  16.1  10.3   3.1   -.6
    48COLUMBIA        MO        38.82       .00       .00
  6940  9928 13378 17317 21334 23714 24015 21312 16461 12493  7975  5930
    31    31    34    52    88   124   139   132   101    66    35    31
  -1.5    .9   5.4  12.8  18.0  22.8  25.2  24.4  20.2  14.4   6.6    .4
    49COLUMBIA        SC        33.95       .00       .00
  8645 11582 15378 19824 21505 22095 20902 19324 16334 13748 10455  8195
    39    49    66    88   121   147   167   154   147   101    57    39
   7.4   8.7  12.3  17.8  22.3  26.0  27.3  26.8  23.6  17.9  12.1   7.8
    50COLUMBUS        OH        40.00       .00       .00
  5212  7681 11117 15354 18691 20572 19916 18619 14545 10726  6103  4394
    27    31    30    52    82   110   124   124   101    66    39    31
  -2.0   -.9   4.0  10.7  16.2  21.3  23.1  22.2  18.4  12.3   5.4   -.7
    51CONCORD         NH        43.20       .00       .00
  5215  7786 11049 14948 17956 19345 19005 16516 12940  9273  5251  4110
    27    27    27    39    62    88   114   108    88    62    34    21
  -6.3  -5.2    .2   6.8  12.8  18.2  20.9  19.6  15.3   9.6   3.3  -4.0
    52CORPUS CHRISTI  TX        27.77       .00       .00
 10192 13022 16228 18640 21182 23762 24810 22593 19146 16073 11833  9587
    62    94   114   147   167   182   191   191   182   151   139    94
  13.5  15.3  18.3  22.7  25.5  28.0  29.3  29.5  27.2  23.3  18.3  15.1
    53CUT BANK        MT        48.60       .00       .00
  4564  7806 12802 16851 21365 23212 25954 21524 15342  9888  5451  3795
    10    22    27    31    44    66    77    66    48    35    27    24
  -8.8  -5.3  -2.9   4.2   9.8  13.6  18.0  17.0  11.8   6.7  -1.3  -5.9
    54DAGGETT         CA        34.87       .00       .00
 10875 14535 20114 25809 29407 31394 29546 27040 22788 17201 12315  9942
    31    41    41    43    50    54    60    66    60    46    43    31
   8.5  11.1  13.7  17.9  22.4  26.7  30.7  29.7  26.2  20.1  13.1   8.9
    55DALLAS          TX        32.85       .00       .00
  9323 12156 16136 18463 21433 24229 24083 22133 18012 14482 10627  8853
    39    35    48    94   117   143   147   144   135    94    52    39
   7.4   9.7  13.2  19.1  23.2  27.6  29.8  29.9  25.7  20.0  13.3   9.0
    56DAYTON          OH        39.90       .00       .00
  5552  8232 11637 15924 19286 21264 20537 18675 14958 10996  6402  4625
    27    31    30    52    82   110   124   124   101    66    39    31
  -2.2   -.9   3.9  10.8  16.4  21.8  23.7  22.8  19.1  13.1   5.4   -.6
    57DAYTONA BEACH   FL        29.18       .00       .00
 10877 13767 17567 21379 22336 20723 20247 19088 16769 14202 11752  9878
   114   114   114   132   151   167   182   182   173   151   132   114
  14.7  15.3  17.7  20.9  23.9  26.3  27.2  27.3  26.4  22.9  18.4  15.3
    58DEL RIO         TX        29.37       .00       .00
 10876 13685 17931 19287 20736 22969 23314 21977 17979 15430 12024 10244
    49    60    66   110   124   151   151   147   143   117    77    44
  10.4  13.2  17.0  22.2  25.7  29.1  30.4  30.1  26.8  21.8  15.3  11.3
    59DENVER          CO        39.75       .00       .00
  9534 12790 17368 21328 24229 26678 25792 23198 19597 14759 10027  8305
    21    21    24    24    43    60    77    77    55    32    23    21
  -1.2    .4   2.8   8.6  13.9  18.9  22.8  22.0  17.1  11.1   4.1    .3
    60DES MOINES      IA        41.53       .00       .00
  6590  9768 13397 17666 21194 24114 23796 20745 16273 12118  7471  5526
    27    31    31    44    82   108   143   143    88    66    31    31
  -7.0  -4.3   1.1   9.7  16.1  21.4  23.9  22.9  17.9  12.4   3.2  -3.9
    61DETROIT         MI        42.42       .00       .00
  4737  7722 11351 15877 19474 21178 20830 17880 14223  9943  5422  3898
    31    24    31    39    60   101   117   108   108    62    43    24
  -3.6  -2.8   1.9   8.9  14.7  20.6  22.9  22.2  18.1  12.4   5.1  -1.3
    62DILLON          MT        45.25       .00       .00
  5975  9604 14518 18600 22575 24326 27147 22962 17263 11613  6832  5108
    24    24    27    30    41    57    66    60    44    35    28    24
  -6.6  -3.6  -1.3   5.1  10.2  14.2  19.1  18.1  12.6   7.2   -.1  -4.5
    63DODGE CITY      KS        37.77       .00       .00
  9381 12734 16756 21402 23716 26763 26051 23326 19142 14761 10142  8306
    27    27    31    44    82   110   124   117    89    52    30    27
   -.7   1.8   5.1  12.2  17.8  23.2  26.2  25.6  20.5  14.4   6.0    .8
    64DULUTH          MN        46.83       .00       .00
  4410  7636 11740 15580 18642 20056 21044 17556 12427  8226  4321  3311
    22    22    22    31    49    77    94    94    67    43    31    22
 -13.1 -11.1  -4.7   3.7   9.7  15.0  18.7  17.8  12.4   7.4  -2.0  -9.8
    65EAGLE           CO        39.65       .00       .00
  8559 12234 17043 21933 25595 28473 27062 23649 20051 14835  9858  7841
    21    24    24    25    30    32    54    64    44    29    27    21
  -7.8  -4.8   -.5   5.5  10.7  14.9  18.8  17.6  13.1   7.1   -.6  -6.5
    66EAU CLAIRE      WI        44.87       .00       .00
  5126  8471 12373 16182 19075 21244 21408 18393 13575  9375  5113  3868
    22    17    27    39    66    94   117   108    77    49    31    27
 -11.3  -9.2  -2.6   6.9  13.4  18.9  21.4  20.2  14.8   9.3    .0  -7.8
    67ELKO            NV        40.83       .00       .00
  7818 11739 16604 21560 26140 28755 29767 26283 21479 15009  9216  7002
    31    27    27    29    38    38   -21    32    33    32    28    31
  -4.9  -1.6   1.7   6.4  11.1  15.3  20.8  19.4  14.2   8.3   1.6  -3.4
    68EL PASO         TX        31.80       .00       .00
 12769 16798 21668 26823 29514 30443 27806 25927 22552 18601 14115 11697
    28    25    27    28    32    49    91    91    78    55    32    28
   6.4   9.1  12.6  17.7  22.3  26.8  27.9  26.9  23.4  17.8  10.9   6.9
    69ELY             NV        39.28       .00       .00
  9300 12949 18227 22797 26224 28519 27772 25312 21963 15975 10514  8201
    16    21    24    27    31    38    38    40    29    28    27    21
  -4.7  -2.3    .4   5.2  10.0  14.3  19.6  18.6  13.7   7.8   1.1  -3.2
    70ERIE            PA        42.08       .00       .00
  3922  6546 10445 15423 18684 20957 20800 16512 13633  9387  4723  3151
    31    31    31    39    77   101   124   124   101    57    43    42
  -3.8  -3.8    .5   7.1  12.6  18.1  20.4  19.7  16.3  10.9   4.5  -1.6
    71EVANSVILLE      IN        38.05       .00       .00
  6515  9343 13063 17032 20233 22502 21793 19691 15926 12336  7746  5660
    31    34    39    52   101   132   147   139   124    65    35    31
    .3   2.2   6.8  13.7  18.7  23.7  25.4  24.6  20.6  14.6   7.2   1.8
    72FAIRBANKS       AK        64.82       .00       .00
   342  2513  7651 13549 18199 19882 17506 12688  8051  3321   841    28
     4     7    14    27    35    60    77   107    43    27    16     8
 -24.4 -19.2 -12.5  -1.7   8.5  15.0  15.9  13.0   6.9  -3.8 -16.2 -23.6
    73FARGO           ND        46.90       .00       .00
  4709  8009 12460 16748 20822 22629 24059 20715 14796  9917  5190  3828
    10    10    31    31    52    88   108    88    66    44    31    10
 -14.5 -11.8  -4.3   5.7  12.6  18.2  21.5  20.7  14.4   8.3  -1.9 -10.6
    74FARMINGTON      NM        36.75       .00       .00
 10719 14537 19218 24206 27823 30251 28125 25559 21952 16782 11885  9500
    27    27    28    28    34    44    71    83    55    36    27    27
  -1.9   1.7   4.8   9.8  15.3  19.9  23.9  22.6  18.1  11.6   4.0  -1.1
    75FLINT           MI        42.97       .00       .00
  4348  7223 10859 15196 18818 20579 20392 17647 13568  9406  4872  3506
    31    24    31    39    60   101   117   108   108    62    43    24
  -5.4  -4.6    .3   7.7  13.2  18.8  20.9  20.1  16.1  10.7   3.5  -2.9
    76FORT SMITH      AR        35.33       .00       .00
  8440 11337 14886 18339 21700 23713 23439 21307 17040 13627  9663  7735
    34    39    44    82   114   147   159   159   132    88    52    34
   3.9   6.3  10.2  16.8  21.2  25.6  27.9  27.4  23.3  17.3  10.2   5.3
    77FORT WAYNE      IN        41.00       .00       .00
  5166  7917 11145 15442 18974 20901 20280 18094 14454 10489  5860  4193
    31    31    31    39    88   101   124   124   101    57    34    31
  -3.7  -2.4   2.5   9.6  15.3  20.8  22.8  21.8  18.1  12.0   4.6  -1.9
    78FORT WORTH      TX        32.83       .00       .00
  9139 12136 15993 18345 21454 24434 24459 22502 18400 14673 10645  8690
    39    35    48    94   117   143   147   144   135    94    52    39
   7.1   9.3  12.8  18.4  22.5  27.0  29.3  29.4  25.4  19.8  13.2   8.8
    79FRESNO          CA        36.77       .00       .00
  7453 11489 17770 23749 28189 31014 30473 27502 22529 16220 10084  6516
    48    62    57    57    66    78    77    78    77    71    62    48
   7.4   9.9  12.2  15.7  19.7  23.3  27.0  25.7  23.2  17.9  11.9   7.7
    80GLASGOW         MT        48.22       .00       .00
  4403  7618 12540 16888 20743 23232 24888 21142 15212  9957  5433  3794
    10    22    27    31    44    66    77    66    48    35    27    24
 -12.7  -9.3  -3.8   6.0  12.3  16.7  21.4  20.6  14.0   8.0  -1.7  -8.3
    81GOODLAND        KS        39.37       .00       .00
  8959 11981 16159 20761 23397 26746 26324 23215 18641 14391  9721  7884
    27    24    27    39    62    88   108   101    71    41    27    24
  -2.4   -.3   2.4   9.3  14.9  20.6  24.3  23.4  17.9  11.6   3.6  -1.1
    82GRAND ISLAND    NE        40.97       .00       .00
  7505 10407 14359 19207 22377 25448 25145 22011 17130 12911  8381  6462
    24    31    31    44    77   104   124   124    82    47    27    27
  -5.4  -2.4   1.9   9.9  15.9  21.5  24.6  23.9  18.0  12.1   3.4  -2.8
    83GRAND JUNCTION  CO        39.12       .00       .00
  8980 12699 17630 22543 27008 29490 27977 24763 20818 15264 10419  8300
    21    24    24    25    30    32    54    64    44    29    27    21
  -3.0    .9   5.1  10.9  16.8  21.8  25.9  24.1  19.6  12.7   4.3  -1.4
    84GRAND RAPIDS    MI        42.88       .00       .00
  4194  7357 11512 16024 19920 22204 21726 19024 14324  9735  5058  3526
    31    31    31    34    66   101   117   117    88    62    39    27
  -4.9  -4.2    .6   8.1  13.9  19.7  21.9  21.1  16.9  11.1   3.7  -2.6
    85GREAT FALLS     MT        47.48       .00       .00
  4772  8173 13283 16895 20968 23849 26432 21937 15644 10493  5647  3815
    10    22    27    31    44    66    77    66    48    35    27    24
  -6.4  -3.0   -.8   6.3  11.8  16.0  20.7  19.7  14.1   9.1   1.4  -3.1
    86GREEN BAY       WI        44.48       .00       .00
  5121  8227 12532 16327 19512 21652 21432 18406 13823  9313  5278  3969
    27    24    31    35    62   101   117   114    77    50    31    31
  -9.2  -7.8  -1.9   6.6  12.5  18.1  20.7  19.8  14.9   9.6   1.2  -6.2
    87GREENSBORO      NC        36.08       .00       .00
  8118 11009 14903 19103 21200 22166 21150 19255 16088 12953  9524  7475
    30    34    39    77   101   132   147   147   132    77    44    27
   3.7   4.8   8.8  14.8  19.5  23.6  25.1  24.4  20.9  15.1   9.1   4.2
    88GREENVILLE-SPT  SC        34.90       .00       .00
  8280 11144 15077 19263 20869 21769 20770 19284 15952 13392  9990  7607
    30    35    44    77   108   132   147   147   147    82    55    35
   5.7   6.9  10.5  16.1  20.6  24.4  25.7  25.3  22.1  16.5  10.6   6.1
    89GULKANA         AK        62.15       .00       .00
   826  3250  8599 14804 18319 19949 18295 14202  9022  4426  1320   323
     4     7    14    27    35    60    77   107    43    27    16     8
 -21.8 -15.6  -9.7  -1.0   6.6  12.3  13.8  11.8   6.4  -2.9 -14.4 -20.6
    90HARRISBURG      PA        40.22       .00       .00
  6078  8750 12291 16008 18752 20480 20015 17597 14374 10602  6567  5076
    27    27    34    44    82   117   132   132   101    57    39    27
  -1.1    .2   5.0  11.6  17.3  22.2  24.5  23.3  19.4  13.2   6.6    .3
    91HARTFORD        CT        41.93       .00       .00
  5419  8111 11105 14924 17801 19130 18714 16135 13102  9679  5644  4370
    27    27    30    41    66   101   124   108    88    60    30    27
  -4.0  -2.9   2.0   8.7  14.6  19.9  22.6  21.3  17.1  11.4   5.2  -2.1
    92HELENA          MT        46.60       .00       .00
  4760  8044 13000 16874 21111 23149 26486 21906 16030 10512  5915  4135
    24    24    27    30    41    57    66    60    44    35    28    24
  -7.7  -3.7   -.8   5.9  11.2  15.1  19.9  19.0  13.1   7.4   -.2  -4.8
    93HILO            HI        19.72       .00       .00
 12708 14143 15305 16284 17625 18822 18436 18072 17554 15572 12539 11568
   132   124   124   124   132   139   151   151   151   151   139   132
  21.8  21.7  21.7  22.3  23.1  23.7  24.1  24.4  24.2  23.9  23.1  22.0
    94HOMER           AK        59.63       .00       .00
  1380  3789  8617 14167 17961 19867 18136 13491  8982  4961  1990   726
    17    22    24    30    41    57    71    71    58    31    34    25
  -5.9  -3.9  -2.4   1.7   5.7   9.3  11.3  11.3   8.3   3.0  -2.1  -5.9
    95HONOLULU        HI        21.33       .00       .00
 13390 15847 18404 20380 22123 22748 22723 22318 20543 17481 14369 12853
   132   124   124   124   132   139   151   151   151   151   139   132
  22.4  22.4  22.8  23.8  24.9  26.1  26.7  27.1  26.9  26.1  24.7  23.2
    96HOUSTON         TX        29.98       .00       .00
  8766 11737 14724 17277 20143 21541 20747 19137 16694 14477 10486  8280
    62    62    88   139   147   167   176   176   167   132   114    77
  11.2  12.9  16.0  20.8  24.3  27.3  28.5  28.6  26.2  21.6  16.2  12.6
    97HUNTINGTON      WV        38.37       .00       .00
  5970  8591 12108 16430 19411 20924 20073 17933 14819 11395  7236  5303
    31    31    34    70    94   121   147   147   114    82    34    31
   1.3   2.3   6.8  13.2  18.1  22.4  24.1  23.3  19.8  13.9   7.5   2.2
    98HURON           SD        44.38       .00       .00
  5540  8451 12639 17364 21240 23845 24772 21476 16091 11216  6550  4600
    17    31    31    34    71   101   124   117    71    43    31    22
 -10.8  -7.8  -1.7   7.7  13.9  19.5  23.2  22.3  15.9   9.8    .2  -7.1
    99INDIANAPOLIS    IN        39.73       .00       .00
  5624  8477 11773 15870 19157 21201 20500 18652 15026 11088  6572  4728
    31    31    32    43    88   132   147   139   101    62    34    31
  -2.3   -.7   4.3  11.3  16.8  22.1  23.9  22.9  19.1  13.2   5.4   -.6
   100INTERNAT'L FALLSMN        48.57       .00       .00
  4037  7519 11870 16385 19477 21033 21801 18366 12725  7988  3921  3084
     9    22    24    31    44    77    98    94    67    43    31    22
 -16.7 -13.9  -6.3   3.4  10.1  15.8  18.8  17.3  11.7   6.4  -3.9 -12.9
   101JACKSON         MS        32.32       .00       .00
  8551 11648 15538 19388 22026 22973 21665 20207 17128 14429 10232  8044
    49    49    66    94   121   159   173   161   147   108    60    49
   8.4   9.9  13.4  18.7  22.6  26.3  27.6  27.3  24.4  18.8  12.9   9.4
   102JACKSONVILLE    FL        30.50       .00       .00
 10213 13214 17270 21060 22202 21395 20451 19227 16369 13881 11303  9279
    67    62    88   114   139   154   176   162   154   139    98    67
  12.6  13.5  16.2  20.1  23.5  26.2  27.2  27.2  25.7  21.4  16.2  13.0
   103JUNEAU          AK        58.37       .00       .00
  1320  3205  6923 11870 14655 16052 14508 11173  7250  3636  1687   702
    34    38    34    38    54    67    72    72    64    48    42    38
  -4.7  -2.2   -.1   3.8   8.2  11.8  13.2  12.4   9.6   5.4    .3  -2.6
   104KANSAS CITY     MO        39.30       .00       .00
  7353 10154 13652 17875 21252 23601 23857 21136 16483 12396  8367  6372
    27    27    27    60    82   124   143   132   108    66    34    27
  -2.7    .2   4.8  12.3  17.8  22.8  25.3  24.7  20.0  14.2   5.7   -.4
   105KING SALMON     AK        58.68       .00       .00
  1662  4282  9069 13682 16823 17483 15702 11864  8828  5379  2312  1033
    17    22    24    30    41    57    71    71    58    31    34    25
 -10.3  -8.6  -6.4   -.3   5.9  10.4  12.5  12.1   8.5    .9  -5.5 -11.3
   106KNOXVILLE       TN        35.82       .00       .00
  7044  9799 13514 18146 20465 21581 20477 18906 15698 12721  8611  6462
    31    49    44    77   101   132   147   147   124    88    49    34
   4.8   6.0   9.9  15.7  20.2  24.2  25.7  25.2  22.0  16.1   9.6   5.3
   107KODIAK          AK        57.75       .00       .00
  1694  4039  8874 13707 15619 17363 15981 13212  9011  5552  2344  1102
    38    38    38    38    48    58    72    72    67    43    38    38
   -.9   -.3    .1   2.7   6.2   9.8  12.3  12.7  10.0   4.8   1.6  -1.2
   108KOROR ISLAND    PN         7.33       .00       .00
 15854 17689 18509 19199 17791 16518 16369 16828 17327 17099 16442 15194
   167   159   167   167   176   182   191   191   183   183   191   176
  27.3  27.1  27.3  27.7  27.8  27.6  27.3  27.3  27.6  27.7  27.7  27.4
   109KOTZEBUE        AK        66.87       .00       .00
    96  1863  6746 13405 18643 20845 17345 11852  7358  2907   371     0
     9     9     9     9     9     9     9     9     9     9     9     9
 -19.8 -20.2 -18.1 -10.6   -.7   6.4  11.6  10.4   5.1  -4.7 -13.5 -19.9
   110KWAJALEIN ISLANDPN         8.73       .00       .00
 17862 19882 20386 19752 18463 18276 18268 19147 18334 17308 16551 16461
   167   159   167   167   176   182   191   191   183   183   191   176
  27.3  27.4  27.6  27.7  27.7  27.7  27.8  28.1  28.1  28.0  27.6  27.6
   111LA CROSSE       WI        43.87       .00       .00
  5462  8679 12493 16186 19439 21625 21569 18911 14095  9800  5605  4193
    22    31    31    39    71   101   124   114    77    49    31    24
  -8.8  -6.7   -.5   8.7  15.0  20.3  22.7  21.9  16.6  11.0   1.9  -5.7
   112LAKE CHARLES    LA        30.12       .00       .00
  8267 11460 14906 17822 20989 22361 20289 18810 16855 15674 10402  8008
    52    62   108   132   147   176   183   183   167   132    88    77
  11.3  12.8  15.7  20.5  24.0  27.1  28.0  27.9  25.8  21.1  15.7  12.4
   113LAREDO          TX        27.53       .00       .00
 10882 13568 17201 19599 22152 23527 24187 22801 19353 15982 11812 10095
    57    57    94   124   139   159   167   159   159   117    82    57
  13.6  16.1  19.8  24.6  27.4  30.0  31.1  30.9  28.3  24.2  18.4  14.8
   114LAS VEGAS       NV        36.08       .00       .00
 11099 15202 20695 26318 30033 31525 29376 26725 23121 17475 12319  9993
    28    29    25    25    32    38    60    76    55    40    34    27
   6.8   9.5  12.7  17.7  22.9  27.9  32.0  30.8  26.7  19.5  11.8   7.3
   115LEWISTON        ID        46.38       .00       .00
  3855  6912 11571 16286 20910 22866 26509 21918 16281  9758  4685  3247
    31    34    39    41    57    77    71    71    60    57    38    38
   -.4   3.4   6.1  10.2  14.5  18.3  23.0  21.9  17.4  11.0   4.7   1.6
   116LEWISTOWN       MT        47.05       .00       .00
  4766  7856 12806 16391 20508 23368 25964 21580 15574 10271  5701  4120
    10    22    27    31    44    66    77    66    48    35    27    24
  -7.2  -4.6  -2.5   4.5   9.8  13.7  18.6  18.0  12.2   7.5    .1  -4.2
   117LEXINGTON       KY        38.03       .00       .00
  6195  8847 12478 16787 19827 21530 21000 19126 15458 11850  7460  5510
    27    27    39    71   101   124   139   132   124    82    44    27
    .5   1.8   6.4  12.9  18.2  22.8  24.6  23.9  20.3  14.3   7.0   1.9
   118LIHUE           HI        21.98       .00       .00
 12518 14750 16746 18620 20700 21197 21137 20634 19774 16449 13099 11951
   132   124   124   124   132   139   151   151   151   151   139   132
  21.8  21.8  22.1  22.9  24.2  25.3  25.8  26.2  26.0  25.2  24.0  22.5
   119LITTLE ROCK     AR        34.73       .00       .00
  8299 11381 14898 18280 21895 23907 23064 21115 17228 13940  9615  7646
    27    39    44    82   108   139   159   159   139    86    57    39
   4.2   6.1  10.2  16.5  21.0  25.6  27.4  27.0  22.9  16.9  10.2   5.3
   120LONG BEACH      CA        33.82       .00       .00
 10528 13789 18271 21991 23430 24286 26101 23830 19304 15053 11389  9610
    52    57    57    62    77    82   101   101    88    77    57    44
  12.3  13.1  14.0  15.9  17.8  19.6  22.3  22.9  22.1  19.4  15.9  13.1
   121LOS ANGELES     CA        33.93       .00       .00
 10510 13778 18370 22141 23374 24049 26188 23600 19082 14946 11393  9630
    62    71    71    77    82    94   114   114   108    94    71    71
  12.5  13.1  13.6  14.9  16.6  18.1  20.3  20.8  20.4  18.4  15.8  13.8
   122LOUISVILLE      KY        38.18       .00       .00
  6191  8958 12506 16646 19518 21603 20854 19069 15448 11828  7409  5537
    27    27    39    71   101   124   139   132   124    82    44    27
    .7   2.1   6.7  13.3  18.2  22.9  24.9  24.4  20.6  14.5   7.2   2.0
   123LOVELOCK        NV        40.07       .00       .00
  9124 13226 18799 24574 28993 31204 31594 28191 23007 16468 10546  8108
    27    30    27    31    41    49    60    60    46    36    35    27
  -1.7   1.8   4.5   9.2  14.2  18.7  23.5  21.8  17.1  10.7   3.6   -.7
   124LUBBOCK         TX        33.65       .00       .00
 11700 15113 19997 24602 27191 28876 27371 25063 20656 16662 12666 10606
    30    36    38    60    97   111   111   111   102    83    48    30
   3.9   5.9   9.4  15.6  20.3  25.1  26.5  25.8  21.7  16.1   9.3   5.2
   125LUFKIN          TX        31.23       .00       .00
  9010 12134 15617 18429 21185 23326 22770 21155 17372 15306 10932  8712
    44    39    77   108   132   143   151   151   132   110    82    44
   9.3  11.2  14.4  19.6  23.4  26.8  28.3  28.4  25.3  20.1  14.0  10.4
   126MACON           GA        32.70       .00       .00
  8726 11572 15472 19704 21394 21783 20261 19495 16329 14153 10664  8273
    39    47    57    88   124   147   154   154   147   101    82    44
   8.8  10.2  13.6  18.8  23.1  26.4  27.4  27.2  24.3  18.7  12.9   9.1
   127MADISON         WI        43.13       .00       .00
  5847  9125 12892 15870 19784 22107 21953 19385 14747 10338  5722  4414
    27    31    31    39    77   101   124   121    88    49    31    31
  -8.4  -6.5  -1.0   7.4  13.3  18.8  21.2  20.4  15.4   9.9   1.5  -5.6
   128MASON CITY      IA        43.15       .00       .00
  6284  9490 13255 17234 21510 23989 23653 20800 15950 11468  6808  5030
    19    31    31    39    77   110   132   132    82    44    27    24
  -9.9  -7.5  -1.7   7.6  14.1  19.6  21.8  21.1  15.7  10.3    .9  -6.6
   129MASSENA         NY        44.93       .00       .00
  4440  7038 11094 15241 18310 20186 19869 16842 12753  8356  4402  3339
    19    14    27    30    52    82   101   101    82    57    27    24
  -9.7  -8.5  -2.4   5.7  12.3  17.9  20.6  19.3  15.1   9.2   2.2  -6.6
   130MCGRATH         AK        62.97       .00       .00
   657  2934  7861 13480 16890 18007 15658 11566  7888  3598  1137   221
     4     7    14    27    35    60    77   107    43    27    16     8
 -22.7 -17.9 -12.8  -3.1   6.7  13.2  14.6  11.9   6.6  -3.7 -15.0 -22.9
   131MEDFORD         OR        42.37       .00       .00
  4618  8369 12854 18597 23080 25851 28094 24067 18033 11144  5723  3821
    34    48    49    49    57    71    77    77    71    67    52    42
   2.6   5.2   7.1  10.1  14.1  17.9  22.1  21.3  18.0  11.9   6.4   3.2
   132MEMPHIS         TN        35.05       .00       .00
  7748 10722 14505 18598 21392 23204 22380 20700 16693 13670  9269  7134
    31    39    44    94   117   143   159   159   139    82    57    43
   4.7   6.6  10.6  16.9  21.6  25.9  27.6  26.9  23.1  17.2  10.5   5.9
   133MERIDIAN        MS        32.33       .00       .00
  8445 11488 15069 18859 21105 22275 20695 19739 16502 14273 10176  7938
    43    44    49   108   114   147   159   167   147    88    62    43
   8.3   9.9  13.4  18.6  22.4  26.2  27.3  27.1  24.1  18.2  12.3   8.8
   134MIAMI           FL        25.80       .00       .00
 12000 14912 18196 21098 20923 19383 20013 18497 16527 14784 12695 11566
   114   132   124   143   151   173   182   182   182   159   132   124
  19.6  19.9  21.8  23.9  25.6  27.2  27.9  28.3  27.6  25.4  22.3  20.2
   135MIDLAND-ODESSA  TX        31.93       .00       .00
 12271 15691 20868 24880 27579 29081 27116 25082 20926 17269 13348 11346
    30    36    38    60    97   111   111   111   102    83    48    30
   6.4   8.8  12.4  17.9  22.4  26.6  27.9  27.7  24.1  18.8  11.8   7.7
   136MILES CITY      MT        46.43       .00       .00
  5187  8458 13449 17500 21515 24353 26022 22437 16386 10903  6254  4532
    24    24    27    35    52    66    71    71    50    36    28    24
  -9.2  -5.8  -1.0   7.4  13.5  18.3  23.6  22.5  15.5   9.3    .2  -5.6
   137MILWAUKEE       WI        42.95       .00       .00
  5441  8358 12357 16373 20070 22438 22264 19509 14870 10304  5954  4295
    27    31    31    39    77   101   124   121    88    49    31    31
  -7.0  -5.3   -.3   7.1  12.3  18.1  21.1  20.7  16.2  10.6   2.5  -4.3
   138MINNEAPOLIS     MN        44.88       .00       .00
  5266  8669 12524 16364 19716 21875 22357 19146 14239  9756  5452  4010
    22    17    27    39    66    94   117   108    77    49    31    27
 -11.0  -8.6  -2.1   7.3  13.9  19.4  22.2  21.2  15.6  10.0    .2  -7.4
   139MINOT           ND        48.27       .00       .00
  4355  7444 11852 16576 20955 22412 23805 20433 14493  9642  4976  3518
     7    22    31    31    48    82    94    82    57    39    27     7
 -13.4 -10.7  -4.7   5.1  11.6  16.7  20.4  19.6  13.4   7.8  -2.3  -9.6
   140MISSOULA        MT        46.92       .00       .00
  3539  6516 11139 15686 20230 21937 26415 21346 15410  9221  4655  3033
    31    31    27    35    48    62    66    60    52    43    31    31
  -6.2  -2.7    .7   6.6  11.2  14.9  19.2  18.3  12.9   6.7    .2  -4.1
   141MOBILE          AL        30.68       .00       .00
  9399 12479 15974 19540 21246 21205 19467 18629 16449 14739 10839  8616
    77    94    94   132   151   173   182   182   167   124   108    94
  10.7  12.2  15.2  19.9  23.8  26.8  27.6  27.5  25.3  20.5  14.7  11.6
   142MOLINE          IL        41.45       .00       .00
  6073  9215 12695 16564 19905 22351 22001 19459 15401 11302  6748  4913
    24    31    31    44    82   117   132   132   101    66    34    31
  -5.8  -3.5   2.1  10.3  16.2  21.6  23.6  22.7  18.1  12.4   4.0  -3.0
   143MONTGOMERY      AL        32.30       .00       .00
  8531 11496 15214 19621 21534 22384 20893 19812 16657 14318 10389  8164
    39    44    66   101   132   147   167   167   139   101    71    44
   8.6  10.3  13.6  18.4  22.4  26.1  27.2  27.1  24.4  18.8  12.8   9.2
   144MOUNT SHASTA    CA        41.32       .00       .00
  6364  9731 14186 19929 24809 27647 29252 25115 19694 13109  7482  5730
    34    48    49    49    57    71    77    77    71    67    52    42
    .9   3.2   4.7   7.9  11.8  15.6  19.9  18.9  16.2  10.8   5.4   1.9
   145NASHVILLE       TN        36.12       .00       .00
  6578  9349 12822 17518 20709 22278 21462 19712 15865 12641  8072  5908
    27    34    39    77   108   132   147   147   124    82    49    34
   3.5   5.0   9.3  15.6  20.3  24.8  26.4  25.8  22.2  16.1   9.1   4.7
   146NEEDLES         CA        34.77       .00       .00
 11177 15358 20713 26295 30095 31677 28839 25850 22863 17449 12754 10365
    31    41    41    43    49    54    60    66    60    46    43    31
  10.9  13.6  16.4  21.3  26.4  31.3  35.2  34.1  30.5  23.5  15.9  11.5
   147NEWARK          NJ        40.70       .00       .00
  6261  9000 12582 16440 19147 20375 19973 17759 14446 10792  6766  5157
    27    30    30    44    66   101   132   124   101    66    35    34
   -.3    .3   4.8  10.9  16.6  21.9  24.7  23.7  19.9  14.2   7.9   1.4
   148NEW ORLEANS     LA        29.98       .00       .00
  9472 12619 16056 20204 22331 22741 20581 19482 17178 15151 11038  8845
    62    62    94   132   147   176   183   183   176   132   114    77
  11.6  13.1  15.9  20.3  23.9  26.9  27.7  27.7  25.7  21.0  15.6  12.7
   149NEW YORK(CEN PK)NY        40.78       .00       .00
  5679  8183 11770 15479 18569 19410 19155 16834 13774 10161  6048  4585
    27    27    34    49    71    98   132   132   108    71    49    27
    .1    .8   5.1  11.2  16.8  22.0  24.8  23.8  20.2  14.8   8.6   1.9
   150NEW YORK  (LAG) NY        40.77       .00       .00
  6215  9017 12683 16531 19184 20450 20248 17968 14528 10788  6730  5184
    27    27    34    49    71    98   132   132   108    71    49    27
    .1    .6   4.8  10.9  16.6  21.9  24.8  23.8  20.1  14.5   8.5   2.0
   151NOME            AK        64.50       .00       .00
   338  2541  7163 13456 17852 19898 16049 11269  7641  3471   736    33
    10    17    12    34    34    48    58    72    54    31    17    10
 -14.4 -14.9 -13.7  -7.3   1.6   7.5  10.1   9.6   5.6  -1.9  -9.1 -15.3
   152NORFOLK         VA        36.90       .00       .00
  7698 10576 14537 19029 21421 22701 21032 19069 15839 12291  9207  7080
    30    30    39    57   101   139   159   159   139    94    57    39
   4.7   5.2   8.9  14.3  19.3  23.6  25.7  24.9  22.1  16.5  10.9   5.7
   153NORTH BEND      OR        43.42       .00       .00
  4977  7995 12006 17135 21076 22628 23920 20267 15632 10130  5954  4322
    34    48    49    49    57    71    77    77    71    67    52    42
   7.0   8.1   8.3   9.5  11.7  13.8  15.0  15.4  14.7  12.7  10.1   8.1
   154NORTH OMAHA     NE        41.37       .00       .00
  7195 10124 13874 17686 21252 24088 23906 21092 15584 11914  7310  5802
    24    31    31    44    77   104   124   124    82    47    27    27
  -6.6  -3.6   1.4  10.0  16.1  21.2  23.9  23.2  18.0  12.4   3.3  -3.5
   155NORTH PLATTE    NE        41.13       .00       .00
  7858 10876 15128 19565 22558 25722 25843 22579 17764 13359  8617  6869
    22    24    31    39    71    94   117   117    77    43    27    24
  -4.8  -2.2   1.3   8.8  14.6  20.0  23.5  22.8  16.8  10.6   2.3  -2.9
   156OAKLAND         CA        37.73       .00       .00
  8033 11547 16528 21814 25096 26670 26358 23295 19306 13755  9330  7343
    54    62    62    62    67    82    82    88    88    82    77    62
   9.2  11.1  12.1  13.4  14.9  16.6  17.3  17.5  18.1  16.2  12.9   9.9
   157OKLAHOMA CITY   OK        35.40       .00       .00
  9089 11973 15890 19581 21768 24331 24155 22134 17638 13989 10225  8233
    27    35    35    71   101   143   143   135   117    77    44    30
   2.7   5.2   9.0  15.8  20.2  24.9  27.5  27.3  22.8  16.9   9.6   4.4
   158OLYMPIA         WA        46.97       .00       .00
  3051  5707  9590 14245 18520 19217 21707 17577 13130  7221  3851  2514
    38    48    43    54    62    77    82    82    77    67    58    48
   2.9   5.0   6.2   9.0  12.2  14.9  17.6  17.1  14.8  10.3   6.3   4.2
   159ORLANDO         FL        28.55       .00       .00
 11341 14112 17957 21541 22573 20783 20443 18989 16985 14803 12439 10510
    94    88    98   117   139   154   176   176   167   139   114    94
  15.7  16.4  18.8  21.8  24.7  26.8  27.4  27.7  26.7  23.5  19.2  16.4
   160PENDLETON       OR        45.68       .00       .00
  3951  6964 11844 17054 21852 24335 27189 22630 17048 10306  4975  3325
    34    34    39    41    52    60    58    60    54    52    43    34
    .0   3.8   6.6  10.5  14.7  18.7  23.1  21.9  17.8  11.4   5.2   2.1
   161PHILADELPHIA    PA        39.88       .00       .00
  6302  9017 12577 16273 18838 20555 19953 17869 14542 10878  7028  5339
    27    27    34    44    82   117   132   132   101    57    39    27
    .2   1.1   5.5  11.6  17.3  22.4  24.9  23.8  20.1  14.1   7.9   1.8
   162PHOENIX         AZ        33.43       .00       .00
 11591 15595 20588 26725 30375 31087 28219 26019 22873 17892 13057 10577
    43    43    46    40    43    60   104   128    94    65    49    41
  10.7  12.8  15.4  19.8  24.6  29.2  32.9  31.7  28.8  22.3  15.4  11.4
   163PIERRE          SD        44.38       .00       .00
  6015  9024 13692 18316 22316 24909 25854 22613 16979 11936  7067  5018
    17    31    31    34    71   101   124   117    71    43    31    22
  -9.1  -6.4  -1.2   7.9  14.1  19.7  24.0  23.3  16.7  10.4   1.0  -5.8
   164PITTSBURGH      PA        40.50       .00       .00
  4817  7096 10697 14942 18178 19992 19171 17141 13720 10157  5728  3936
    24    27    27    52    77   101   124   124    88    57    31    31
  -2.2  -1.5   3.4  10.1  15.4  20.3  22.2  21.2  17.7  11.8   5.2   -.8
   165POCATELLO       ID        42.92       .00       .00
  6119 10010 15564 20659 25878 28143 29505 25415 20080 13655  7816  5415
    31    31    49    31    44    50    54    55    41    35    27    31
  -4.9  -1.4   1.9   7.4  12.4  16.6  21.9  20.8  15.2   9.1   2.1  -2.8
   166PORT ARTHUR     TX        29.95       .00       .00
  9076 12150 15356 18266 21232 22824 20952 19705 17330 14997 10814  8562
    62    62    88   139   147   167   176   176   167   132   114    77
  11.1  12.8  15.6  20.5  23.9  27.1  28.3  28.4  26.1  21.1  15.7  12.3
   167PORTLAND        ME        43.65       .00       .00
  5110  7739 11004 14798 17788 19425 18829 16580 13140  9333  5212  4118
    21    21    30    39    57    88    98   105    88    62    34    24
  -5.8  -5.1   -.1   5.9  11.5  16.8  20.0  19.1  14.8   9.5   3.7  -3.5
   168PORTLAND        OR        45.60       .00       .00
  3518  6289 10157 14841 18876 20116 23121 18995 13808  8212  4398  2949
    48    48    49    54    67    77    88    88    82    72    58    48
   3.4   6.0   7.6  10.3  13.7  16.7  19.5  19.2  16.8  12.1   7.4   4.8
   169PRESCOTT        AZ        34.65       .00       .00
 11533 15149 20168 25820 29837 31345 26209 23739 22182 17512 12938 10518
    24    21    21    27    21    24    65    71    57    36    27    21
   2.8   4.7   6.8  11.1  15.8  20.6  24.2  22.8  20.1  14.0   7.7   3.7
   170PROVIDENCE      RI        41.73       .00       .00
  5745  8381 11710 15592 18784 20150 19241 17007 13719 10290  6100  4750
    27    27    30    41    66   101   124   108    88    60    30    27
  -2.0  -1.4   2.7   8.5  13.8  19.1  22.3  21.3  17.4  12.1   6.3   -.3
   171PUEBLO          CO        38.28       .00       .00
 10149 13296 17747 22198 24542 27626 26234 23855 20195 15445 10825  8877
    21    24    27    31    55   128    89    89    60    36    30    21
  -1.1   1.5   4.4  10.9  16.2  21.5  24.7  23.6  19.0  12.5   4.9    .6
   172RALEIGH-DURHAM  NC        35.87       .00       .00
  7875 10703 14478 18661 20522 21156 20151 18287 15629 12545  9217  7213
    30    34    39    77   101   132   147   147   132    77    44    27
   4.7   5.7   9.6  15.3  19.7  23.6  25.3  24.7  21.4  15.7  10.0   5.1
   173RAPID CITY      SD        44.05       .00       .00
  6154  9380 13946 18035 21415 24187 25229 22275 17227 12071  7339  5407
    21    24    27    35    57    77    89    78    55    36    27    24
  -5.6  -3.4   -.4   7.0  12.9  17.9  22.6  22.0  15.8  10.0   1.9  -3.1
   174RED BLUFF       CA        40.15       .00       .00
  6471 10129 15369 21677 26953 29505 30320 26224 20941 13931  8017  5796
    48    54    57    57    66    77    78    78    71    66    67    48
   7.3  10.0  11.8  15.3  19.7  24.2  27.9  26.6  24.1  18.3  12.1   8.0
   175REDMOND         OR        44.27       .00       .00
  5574  8794 13507 19098 23600 25959 27762 23478 17977 11342  6492  4818
    31    27    27    29    38    38   -21    32    33    32    28    31
  -1.0   2.1   3.7   6.9  10.7  14.6  18.7  17.7  14.3   9.1   3.9    .8
   176RENO            NV        39.50       .00       .00
  9084 13050 18719 24506 28635 30658 30552 27302 22672 16240 10354  8007
    27    27    28    27    36    41    38    38    36    31    27    28
   -.1   2.8   4.6   8.2  12.6  16.4  20.7  19.4  15.7  10.2   4.5    .6
   177RICHMOND        VA        37.50       .00       .00
  7171  9954 13737 17772 19997 21250 20138 18165 15297 11720  8319  6432
    30    30    39    57   101   139   159   147   139    77    44    30
   3.1   4.1   8.3  14.3  19.2  23.4  25.5  24.6  21.1  15.2   9.4   3.9
   178ROANOKE         VA        37.32       .00       .00
  7496 10207 14028 17948 20018 21357 20385 18387 15414 12259  8679  6705
    30    30    30    57    88   114   132   132   108    71    35    28
   2.4   3.4   7.4  13.3  18.0  22.1  24.0  23.4  20.0  14.3   8.2   3.0
   179ROCHESTER       MN        43.92       .00       .00
  5413  8543 12278 16000 19243 21584 21664 18864 14186  9870  5609  4200
    22    17    27    39    66    94   117   108    77    49    31    27
 -10.6  -8.4  -2.3   6.9  13.4  18.9  21.2  20.3  15.2   9.8    .3  -7.3
   180ROCHESTER       NY        43.12       .00       .00
  4134  6350 10253 15198 18231 20619 20210 17239 13161  8874  4584  3188
    24    31    31    43    54   101   117   114    77    54    34    31
  -4.4  -4.0    .6   7.8  13.6  19.4  21.8  20.7  16.8  11.3   4.7  -2.1
   181ROCK SPRINGS    WY        41.60       .00       .00
  8341 12363 17365 22061 26605 29217 28908 25424 20797 14821  9378  7384
    19    19    24    24    36    35    44    49    32    27    24    21
  -7.1  -4.8  -1.7   4.5  10.2  14.9  20.1  18.9  13.6   7.1   -.7  -5.2
   182ROSWELL         NM        33.40       .00       .00
 11877 15579 20512 25167 27909 29624 27698 25442 21710 17331 12840 10803
    30    36    38    60    97   111   111   111   102    83    48    30
   3.4   6.1   9.6  15.4  20.3  25.0  26.2  25.5  21.3  15.3   8.3   4.1
   183SACRAMENTO      CA        38.52       .00       .00
  6774 10661 16551 22739 27632 30458 30506 26878 21639 14923  8874  6110
    54    62    62    62    71    77    83    83    77    71    62    48
   7.3   9.9  11.7  14.6  17.9  21.4  24.0  23.4  21.9  17.4  11.7   7.7
   184SALEM           OR        44.92       .00       .00
  3769  6674 10748 15552 19722 20980 24314 20141 15075  8732  4657  3145
    42    54    54    57    67    77    77    88    82    72    58    52
   3.8   6.1   7.3   9.9  13.2  16.2  19.2  18.9  16.6  11.8   7.3   4.9
   185SALT LAKE CITY  UT        40.77       .00       .00
  7253 11221 16505 21498 26811 29063 29395 25576 20920 14678  8942  6467
    27    27    28    32    35    49    60    60    43    32    27    24
  -2.2    .8   4.2   9.6  14.6  19.0  24.8  23.6  18.2  11.3   3.9   -.9
   186SAN ANGELO      TX        31.37       .00       .00
 10915 13714 18227 21004 23045 24810 24089 22310 18240 15170 11846 10154
    31    35    50    77   102   128   128   120   117    83    44    30
   8.0  10.2  13.9  19.6  23.6  27.6  29.3  29.2  24.9  19.6  13.1   9.1
   187SAN ANTONIO     TX        29.53       .00       .00
 10162 13097 16456 18298 21501 23481 24072 22098 18589 15322 11450  9614
    57    57    94   124   139   159   167   159   159   117    82    57
  10.4  12.5  16.0  20.9  24.4  27.9  29.3  29.3  26.3  21.4  15.4  11.8
   188SAN DIEGO       CA        32.73       .00       .00
 11073 14371 18517 21980 22730 23404 24814 23348 19491 15586 12060 10257
    77    82    82    88    88    98   114   132   114    94    88    71
  12.9  13.7  14.4  15.9  17.4  18.6  20.9  21.9  21.1  18.9  16.0  13.7
   189SAN FRANCISCO   CA        37.62       .00       .00
  8031 11454 16514 21790 25258 26975 27142 24020 19770 13915  9322  7290
    54    62    62    62    67    82    82    88    88    82    77    62
   9.1  10.7  11.7  12.9  14.6  16.4  16.9  17.2  17.8  16.1  12.9   9.8
   190SAN JUAN        PR        18.43       .00       .00
 15044 17431 20291 21460 20575 20621 21265 20862 19004 17197 15522 14025
   139   139   143   151   159   167   167   176   167   167   159   151
  24.1  24.1  24.6  25.3  26.2  26.9  27.2  27.4  27.3  27.0  25.9  24.9
   191SANTA MARIA     CA        34.90       .00       .00
  9690 12948 17953 21801 24294 26654 26569 23898 19637 15360 11049  9123
    62    62    62    67    67    72    82    88    88    82    67    62
  10.3  11.1  11.6  12.7  13.9  15.3  16.7  16.8  17.0  15.8  13.4  11.0
   192SAULT STE. MARIEMI        46.47       .00       .00
  3686  6847 11673 15699 19158 20551 20826 17281 11906  7638  3765  2870
    13    17    24    34    44    77    94    94    62    54    31    31
  -9.9  -9.3  -4.4   3.4   9.4  14.8  17.7  17.3  12.9   7.9    .4  -6.6
   193SAVANNAH        GA        32.13       .00       .00
  9019 11846 15871 19990 21022 20931 20241 18396 15477 13808 10681  8554
    39    57    71   101   139   159   176   176   159   108    88    57
   9.9  11.2  14.4  18.9  22.9  26.2  27.3  27.0  24.6  19.5  13.9  10.2
   194SCOTTSBLUFF     NE        41.87       .00       .00
  7669 10787 14838 18930 21940 25383 25918 22692 18146 12995  8208  6527
    21    24    27    35    57    77    94    88    66    41    27    21
  -3.9  -1.4   1.3   7.9  13.6  18.8  23.2  22.0  16.2  10.1   2.3  -2.4
   195SEATTLE-TACOMA  WA        47.45       .00       .00
  2970  5618  9640 14680 19451 20449 25515 18343 13025  7447  3827  2396
    38    48    43    54    62    77    82    82    77    67    58    48
   3.4   5.7   6.7   9.3  12.7  15.4  18.1  17.7  15.3  11.2   7.0   4.7
   196SHERIDAN        WY        44.77       .00       .00
  5873  8945 13673 17446 21367 24470 26432 22766 17044 11409  6705  5009
    21    27    27    35    49    71    76    71    48    35    27    27
  -6.1  -3.4   -.6   6.4  11.7  16.2  21.3  20.7  14.4   8.8    .8  -3.6
   197SHERMAN         TX        33.72       .00       .00
  9009 11773 15501 18276 21017 23994 23569 21922 17932 14392 10428  8441
    34    39    52    94   117   143   151   143   117    89    52    35
   5.4   7.7  11.3  17.6  21.8  26.3  28.7  28.7  24.4  18.8  11.9   7.1
   198SHREVEPORT      LA        32.47       .00       .00
  8651 11785 15225 18303 21406 23433 22856 21303 17635 14793 10539  8292
    39    44    52   108   124   159   167   167   147   101    71    43
   8.4  10.3  13.8  19.1  23.0  26.8  28.4  28.4  25.2  19.7  13.4   9.6
   199SIOUX CITY      IA        42.40       .00       .00
  6453  9551 13283 17906 21576 24101 24084 20941 16131 11781  7293  5326
    19    31    31    39    77   110   132   132    82    44    27    24
  -7.8  -4.8    .7   9.7  16.1  21.3  24.1  23.1  17.4  11.7   2.4  -4.7
   200SIOUX FALLS     SD        43.57       .00       .00
  6044  9103 13076 17510 21492 23832 24396 20933 16000 11409  6895  5006
    17    31    31    35    66   101   117   121    77    39    27    22
  -9.9  -7.0  -1.1   7.8  14.3  19.8  22.9  22.1  16.1  10.1    .6  -6.7
   201SOUTH BEND      IN        41.70       .00       .00
  4718  7486 11264 15745 19549 21812 21023 18911 14655 10318  5642  3862
    31    31    31    39    82   101   124   124   101    57    31    31
  -4.4  -3.2   1.8   8.9  14.7  20.3  22.4  21.7  17.7  11.9   4.2  -2.1
   202SPOKANE         WA        47.63       .00       .00
  3575  6876 11810 16966 21767 23638 26754 22040 16289  9543  4514  2896
    31    31    30    35    48    60    60    52    49    44    31    34
  -3.7    .1   3.1   7.8  12.6  16.4  20.9  20.0  15.3   8.8   1.9  -1.7
   203SPRINGFIELD     IL        39.83       .00       .00
  6636  9770 12972 17194 21171 23795 23358 20494 16500 12124  7679  5562
    31    31    32    44    94   117   139   132    94    66    39    31
  -2.9   -.9   4.1  11.7  17.4  22.7  24.5  23.6  19.6  13.7   5.5   -.8
   204SPRINGFIELD     MO        37.23       .00       .00
  7758 10506 14016 18209 21356 23552 23414 21262 16804 12981  8799  6840
    31    31    34    77    94   132   147   139   108    82    39    31
    .5   2.8   6.7  13.6  18.4  23.1  25.4  25.1  20.7  15.0   7.5   2.2
   205ST. LOUIS       MO        38.75       .00       .00
  7120 10051 13672 17752 21237 23748 23260 20615 16560 12481  8152  6022
    31    31    34    48    94   124   143   135   110    77    39    27
   -.4   1.7   6.3  13.6  18.8  23.8  25.9  25.1  20.9  15.1   7.2   1.4
   206SUMMIT          AK        63.33       .00       .00
   634  2847  7922 14066 18531 18532 16016 11842  7982  3908  1212   187
     4     7    14    27    35    60    77   107    43    27    16     8
 -16.9 -14.1 -11.6  -4.7   3.0   9.4  11.1   9.2   4.4  -4.4 -12.4 -16.2
   207SYRACUSE        NY        43.12       .00       .00
  4370  6484 10105 15025 17908 20177 19948 17064 13225  8822  4525  3238
    22    31    31    39    57    94   117   108    77    57    39    31
  -4.7  -4.1    .7   8.1  13.8  19.4  21.9  20.9  17.1  11.4   5.0  -2.2
   208TALLAHASSEE     FL        30.38       .00       .00
  9948 12911 16791 20689 21970 21367 19841 19014 16944 14955 11445  9225
    77    94    94   132   151   173   182   182   167   124   108    94
  11.4  12.7  15.7  19.9  23.8  26.7  27.3  27.3  25.6  20.7  14.9  11.8
   209TAMPA           FL        27.97       .00       .00
 11470 14293 18087 21660 22677 20966 19891 18761 16933 15280 12572 10616
    94    88   108   124   143   167   176   176   167   151   114    94
  15.8  16.6  18.9  22.2  25.1  27.2  27.7  27.9  27.1  23.7  19.3  16.4
   210TOLEDO          OH        41.60       .00       .00
  4935  7722 11311 15707 19485 21316 20986 18340 14477 10340  5648  4033
    31    31    31    39    77   101   124   124   101    57    43    42
  -4.0  -2.7   2.1   9.1  14.9  20.5  22.4  21.6  17.7  11.7   4.2  -2.2
   211TONOPAH         NV        38.07       .00       .00
 10417 14460 20166 25545 29251 31641 30674 27668 23183 17256 11697  9383
    24    24    21    23    29    27    32    38    29    24    24    21
  -1.0   1.4   4.2   8.9  13.8  18.5  22.8  21.5  17.5  11.2   4.3   -.1
   212TOPEKA          KS        39.07       .00       .00
  7728 10679 14264 18630 21738 24132 24149 21676 17210 13013  8757  6622
    27    27    27    52    88   124   139   132   108    66    34    27
  -2.2    .8   5.1  12.5  18.1  23.1  25.7  25.1  20.1  14.2   6.1   -.1
   213TRAVERSE CITY   MI        44.73       .00       .00
  3527  6441 11360 15948 19623 21704 21674 18264 13225  8556  4276  2914
    24    22    31    34    57    88   108   108    77    54    38    31
  -6.2  -6.3  -1.8   5.9  11.6  17.6  20.4  19.7  15.2   9.9   2.7  -3.4
   214TRUTH OR CONSEQ NM        33.23       .00       .00
 12685 16473 21409 26532 29018 30070 26838 25148 22019 17917 13807 11378
    27    28    25    21    33    54    86    89    88    46    28    28
   4.4   7.2  10.1  15.3  20.1  24.9  26.3  25.2  22.0  16.3   9.3   4.9
   215TUCSON          AZ        32.12       .00       .00
 12473 16252 21158 26818 30318 30978 26569 24774 22457 18180 13714 11301
    38    34    34    30    32    49   108   120    91    54    41    38
  10.5  11.9  14.2  18.6  23.1  27.8  30.2  28.8  26.7  21.2  14.7  11.1
   216TUCUMCARI       NM        35.18       .00       .00
 11448 14715 19433 23815 26257 28192 26657 24558 20761 16378 12174 10328
    24    24    27    38    60    89   101   101    82    48    31    24
   2.8   5.1   8.2  13.8  18.7  23.9  25.8  24.8  20.9  14.8   7.9   3.7
   217TULSA           OK        36.20       .00       .00
  8304 11101 14816 18189 20680 22932 23044 21170 16714 13208  9390  7482
    34    39    44    71   108   143   159   151   117    77    44    35
   2.6   5.1   9.1  16.0  20.4  25.2  27.8  27.4  22.9  17.2   9.7   4.3
   218WACO            TX        31.62       .00       .00
  9449 12442 16201 18296 20128 23974 24177 22222 18169 14768 10858  9111
    49    49    52   101   132   159   159   159   143   110    66    49
   8.3  10.5  14.0  19.6  23.6  27.7  29.8  29.8  26.1  20.6  14.2   9.9
   219WAKE ISLAND     PN        19.28       .00       .00
 15313 17841 20556 22179 23317 23223 21841 21244 19730 17826 16306 14877
   167   159   167   167   176   182   191   191   183   183   191   176
  25.0  25.0  25.4  25.7  26.6  27.5  27.8  28.1  28.1  27.6  26.9  25.9
   220WASHINGTON      DC        38.95       .00       .00
  6492  9253 12768 16557 19499 21573 20627 18356 15208 11392  7387  5460
    27    27    35    48    82   124   139   132   108    71    41    24
    .1   1.0   5.4  11.7  17.0  21.7  24.1  23.1  19.4  13.3   7.1   1.1
   221WEST PALM BEACH FL        26.68       .00       .00
 11347 13990 17661 20593 20934 19365 20186 18877 16100 13889 12030 10875
   114   114   114   132   151   167   182   182   173   151   132   114
  18.6  18.9  21.0  23.3  25.3  26.9  27.7  27.9  27.5  25.1  21.7  19.3
   222WICHITA         KS        37.65       .00       .00
  8896 12010 15951 20229 23104 25697 25405 23057 18341 14184  9883  7830
    27    27    28    60    89   124   135   135   117    66    39    27
   -.4   2.4   6.4  13.7  18.9  24.3  27.1  26.5  21.4  15.3   7.1   1.4
   223WICHITA FALLS   TX        33.97       .00       .00
  9783 12744 16704 20006 22894 25210 24587 22348 18179 14656 10864  9066
    34    39    52    94   117   143   151   143   117    89    52    35
   5.3   7.7  11.4  17.9  22.4  27.4  29.9  29.7  25.0  18.9  11.6   6.8
   224WILKES-BARRE    PA        41.33       .00       .00
  5165  7815 11250 15197 18052 19974 19811 17174 13606 10175  5558  4175
    27    27    27    41    66   101   117   114    88    57    34    27
  -3.3  -2.6   2.2   9.2  14.9  19.9  22.3  21.1  17.2  11.4   4.9  -1.6
   225WILMINGTON      DE        39.67       .00       .00
  6485  9386 13042 16798 19409 21365 20687 18324 14955 11166  7315  5545
    27    31    34    49    82   117   139   139   108    71    39    27
    .0    .9   5.3  11.3  16.9  21.9  24.3  23.4  19.9  14.0   7.6   1.5
   226WINNEMUCCA      NV        40.90       .00       .00
  7837 11662 16707 22329 26802 29159 30389 26647 21643 15004  9187  7017
    31    27    27    29    38    38   -21    32    33    32    28    31
  -2.1   1.2   3.1   7.3  12.1  16.5  21.7  19.9  15.1   9.1   2.9   -.9
   227WINSLOW         AZ        35.02       .00       .00
 11174 15060 20201 25913 29446 30774 26635 24293 21879 17169 12703 10150
    24    21    21    27    21    24    65    71    57    36    27    21
    .3   3.9   7.1  12.1  17.1  22.1  25.7  24.5  20.8  14.1   6.2   1.0
   228YAKIMA          WA        46.57       .00       .00
  4143  7561 12737 18132 22794 24614 26762 22411 16834 10109  5042  3346
    34    31    35    43    50    60    66    65    55    44    43    34
  -2.5   2.1   5.4   9.7  14.4  18.1  21.5  20.3  16.3  10.1   3.6   -.4
   229YAKUTAT         AK        59.52       .00       .00
  1139  3012  7074 11926 14384 15261 13702 10693  7201  3912  1537   581
    34    38    34    38    54    67    72    72    64    48    42    38
  -4.3  -2.2   -.9   2.3   6.3   9.8  11.9  11.6   9.1   4.8    .1  -2.9
   230YOUNGSTOWN      OH        41.27       .00       .00
  4370  6656 10102 14507 17999 19964 19677 17095 13549  9662  5181  3578
    24    31    31    34    82   108   124   114   101    54    31    31
  -3.5  -2.9   1.8   8.7  14.2  19.4  21.5  20.7  17.1  11.4   4.6  -1.8
   231YUMA            AZ        32.67       .00       .00
 12440 16379 21781 27383 30963 31935 27843 26435 23277 18417 13786 11350
    38    41    41    49    54    68   120   136   108    72    44    34
  13.0  15.2  17.7  21.8  25.9  29.9  34.3  33.8  30.6  24.4  17.5  13.5
   232ZUNI            NM        35.10       .00       .00
 11193 14722 19151 24594 28066 29531 25699 23586 21505 16982 12350 10130
    24    24    20    25    35    43    84    84    60    41    27    24
   -.9   1.4   4.2   8.9  13.7  18.6  21.9  20.8  17.4  11.4   4.5    .0
   233ABBOTSFORD     BC         49.03      0.0       0.0
  3139  6279 10884 16325 20721 22604 23442 19465 14232  7325  4019  1758
    38    48    43    54    62    77    82    82    77    67    57    48
   1.3   4.2   5.6   8.6  12.2  14.9  16.9  16.7  14.4  10.1   5.7   3.1
   234AKLAVIK        NWT        68.23      0.0       0.0
   167  1926  7535 15697 20302 22060 18544 12265  6446  2344   419   251
     4     7    14    27    35    60    77   107    43    27    16     8
 -29.0 -27.0 -22.0 -13.0   0.0  10.0  14.0  11.0   4.0  -7.0 -19.0 -27.0
   235ARMSTRONG      ONT        50.28      0.0       0.0
  5107  8791 14149 18167 19674 22186 22186 18000 11846  7116  4730  3474
    13    17    24    34    44    77    94    94    62    54    31    31
  -6.4  -2.5   1.8   7.9  12.7  16.4  19.2  17.9  13.2   6.9   0.8  -3.2
   236BAGOTVILLE     QUE        48.33      0.0       0.0
  5232  8581 14651 16953 18837 20930 19883 16744 12223  7535  4312  3851
     7    27    31    30    57    88   101    94    57    39    31    22
 -15.7 -13.6  -6.7   1.9   9.1  15.2  17.8  16.5  11.6   5.8  -1.6 -11.5
   237BAIE COMEAU    QUE        49.23      0.0       0.0
  4395  8246 13604 17456 18418 20177 19214 15991 11679  7325  4060  3349
     7    27    31    30    57    88   101    94    57    39    31    22
 -14.1 -13.1  -6.8   0.3   6.7  12.6  15.8  15.1  10.2   5.2  -1.6 -10.2
   238BANFF          ALT        51.18      0.0       0.0
  4102  7535 12851 17456 20511 23023 24530 20051 14525  8665  4646  3056
    10    22    27    31    44    66    77    66    48    35    27    24
 -11.2  -6.8  -3.8   2.3   7.5  11.2  14.5  13.4   9.1   4.2  -3.8  -8.7
   239BLUE RIVER     BC         52.12      0.0       0.0
  3558  7032 11721 16953 20972 23442 23023 19256 15572  7451  3642  2637
    31    31    30    35    48    60    60    52    49    44    31    34
 -10.6  -4.3  -1.4   3.9   9.6  13.7  16.4  15.4  11.0   6.0  -2.4  -6.9
   240BRANDON        MAN        49.58      0.0       0.0
  5232  9167 14191 18125 20930 23023 23609 19758 13772  9084  4898  3893
     7    27    31    30    57    88   101    94    57    39    31    22
 -18.6 -15.3  -8.7   2.6   9.9  15.7  18.9  17.7  11.7   5.6  -5.3 -13.8
   241CALGARY INT'L  ALT        51.10      0.0       0.0
  4312  7912 13270 17456 20511 23023 24739 20051 14651  8916  4898  3265
    10    22    27    31    44    66    77    66    48    35    27    24
 -10.9  -7.4  -4.3   3.3   9.3  13.2  16.5  15.2  10.7   5.7  -2.6  -7.6
   242CASTLEGAR      BC         49.33      0.0       0.0
  4186  7200 12391 17163 21349 23274 25158 20930 14860  8791  4646  3056
    31    31    30    35    48    60    60    52    49    44    31    34
  -3.8  -1.2   2.6   8.3  13.4  16.8  20.6  19.6  14.5   7.9   1.9  -1.6
   243CHARLO         NB         48.00      0.0       0.0
  4605  8330 13060 16200 18628 20302 19632 16577 12558  7870  4228  3642
    21    21    30    39    57    88    98   104    88    62    34    24
 -11.7 -11.1  -5.9   0.7   7.4  13.1  17.2  15.7  11.0   5.4  -0.7  -8.3
   244CHARLOTTETOWN  PEI        46.28      0.0       0.0
  5517  8870 12907 15959 18224 20657 20453 17712 12633  8040  4974  3782
    21    21    30    39    57    88    98   104    88    62    34    24
  -6.7  -7.2  -3.2   2.3   8.6  14.1  18.4  17.9  13.9   8.6   3.3  -3.6
   245CHATHAM        NB         47.03      0.0       0.0
  4646  8288 12558 15697 18628 20470 19883 17163 13730  8288  4521  3893
    21    21    30    39    57    88    98   104    88    62    34    24
  -3.9  -3.4   1.2   7.9  13.9  19.9  22.3  21.2  17.4  11.8   4.8 - 1.8
   246CHIBOUGAMAU    QUE        49.90      0.0       0.0
  4814  8539 14567 17121 18670 20846 18837 13898 11511  6698  3935  3307
     7    27    31    30    57    88   101    94    57    39    31    22
 -19.7 -17.8 -10.2  -1.4   6.1  12.9  15.8  14.5   9.9   3.7  -4.3 -15.2
   247CHURCHILL      MAN        58.78      0.0       0.0
  2278  5774 12277 19055 20573 22084 20779 15832  9022  4280  2364  1541
     7    27    31    30    57    88   101    94    57    39    31    22
 -27.6 -26.7 -20.3 -11.0  -2.3   6.1  12.0  11.5   5.7  -1.0 -11.9 -21.8
   248COMOX          BC         49.72      0.0       0.0
  3056  5944 10381 15823 20093 21976 22814 18418 13395  6572  3767  2302
    38    48    43    54    62    77    82    82    77    67    57    48
   2.1   3.9   4.9   7.9  12.1  15.2  17.3  16.8  13.7   9.1   5.4   3.6
   249CORONATION     ALT        52.10      0.0       0.0
  4186  7912 13604 18209 20846 23442 23860 19172 13814  8581  4605  3181
    10    22    27    31    44    66    77    66    48    35    27    24
 -16.2 -12.2  -7.1   2.6  10.1  14.2  17.4  16.1  10.7   4.8  -5.2 -11.7
   250CRANBROOK      BC         49.50      0.0       0.0
  4395  7744 13018 17372 21390 23358 25242 20972 14860  9125  5065  3265
    31    31    30    35    48    60    60    52    49    44    31    34
  -8.9  -4.7  -0.6   5.9  10.7  14.3  17.8  16.8  11.9   5.8  -1.8 -6.2
   251CREE LAKE      SAS        57.38      0.0       0.0
  2637  6405 10381 19088 22604 23274 21935 17330 10423  5860  2763  1842
     7    27    31    30    57    88   101    94    57    39    31    22
 -23.7 -19.5 -12.3  -1.7   6.3  12.5  16.2  14.7   8.3   2.1 -11.1 -19.5
   252DAUPHIN        MAN        51.15      0.0       0.0
  4814  8791 13939 18000 20511 22437 22939 19339 12977  8205  4395  3726
     7    27    31    30    57    88   101    94    57    39    31    22
 -18.6 -15.5  -9.2   2.3   9.8  15.4  18.6  17.4  11.6   6.1  -5.1 -13.9
   253DAWSON         YUK        64.07      0.0       0.0
   879  2888  8791 15070 19256 21139 18921 13604  7367  3349  1214   335
     4     7    14    27    35    60    77   107    43    27    16     8
 -28.6 -23.0 -14.1  -1.8   7.8  13.9  15.5  12.7   6.4  -3.2 -16.5 -25.3
   254EARLTON        ONT        47.70      0.0       0.0
  5358  8874 14651 17163 19674 22437 21349 17665 12349  7744  4060  3600
    13    17    24    34    44    77    94    94    62    54    31    31
 -16.1 -13.8  -7.5   1.9   9.3  15.2  17.7  16.2  11.4   5.9  -2.2 -11.9
   255EDMONTON       ALT        53.57      0.0       0.0
  3735  7063 12610 17488 20937 22537 23195 18084 13066  8063  4195  2781
    10    22    27    31    44    66    77    66    48    35    27    24
 -14.7 -10.5  -5.4   4.0  10.9  14.7  17.5  15.9  10.9   5.4  -4.2 -10.7
   256ESTEVAN        SAS        49.20      0.0       0.0
  5442  9209 14442 18377 21349 23442 24697 20428 14651  9670  5358  4186
     7    27    31    30    57    88   101    94    57    39    31    22
 -15.8 -12.6  -6.3   3.9  10.9  16.0  19.9  18.8  12.5   6.6  -3.7 -11.5
   257FORT MCMURRAY  ALT        56.65      0.0       0.0
  2679  6446 12139 18921 20888 23232 21976 17665 11093  6363  3181  2093
    10    22    27    31    44    66    77    66    48    35    27    24
 -21.5 -16.6  -9.4   1.2   9.0  13.5  16.3  14.7   9.0   3.1  -8.4 -16.9
   258FORT NELSON    BC         58.83      0.0       0.0
  1666  4725  9800 16117 19171 19899 19799 15485 10574  5268  2122  1097
    31    31    30    35    48    60    60    52    49    44    31    34
 -23.2 -17.1  -9.2   1.2   9.7  14.5  16.7  14.8   8.8   1.2 -12.3 -20.7
   259FORT SMITH     NWT        60.00      0.0       0.0
  1677  4450 10397 17179 20261 21535 20419 16153  9837  4499  1667   987
     4     7    14    27    35    60    77   107    43    27    16     8
 -26.9 -22.6 -14.6  -3.2   7.1  13.1  16.1  14.3   7.7   0.5 -11.8 -21.4
   260FORT ST.JOHN   BC         56.25      0.0       0.0
  2553  5819 11511 16493 19800 22604 21349 17246 11051  6279  3139  1800
    31    31    30    35    48    60    60    52    49    44    31    34
 -17.2 -11.9  -6.4   2.5   9.8  13.6  15.9  14.7   9.9   4.2  -6.5 -13.3
   261FREDERICTON    NB         45.87      0.0       0.0
  5476  8765 12484 15483 17890 20051 19654 17389 12973  8611  4988  4087
    21    21    30    39    57    88    98   104    88    62    34    24
  -8.8  -8.1  -2.4   4.2  10.6  16.1  19.2  18.1  13.4   7.8   1.7  -6.2
   262FROBISHER BAY  NWT        63.75      0.0       0.0
   844  3454  9218 17640 22201 19885 16037 13121  7479  3349  1059   396
     4     7    14    27    35    60    77   107    43    27    16     8
 -26.2 -25.2 -22.3 -14.0  -3.3   3.5   7.9   6.9   2.4  -4.7 -12.4 -20.3
   263GANDER INT'L   NFL        48.95      0.0       0.0
  3726  6698 10884 14232 17163 18418 18209 15697 11930  7367  3809  2553
    21    21    30    39    57    88    98   104    88    62    34    24
  -6.1  -6.3  -3.6   0.8   6.3  11.4  16.5  15.8  11.8   6.3   1.9  -3.4
   264GOOSE BAY      NFL        53.32      0.0       0.0
  3545  7008 11434 15922 18124 18742 17784 14604 10173  6032  3181  2578
    21    21    30    39    57    88    98   104    88    62    34    24
 -16.3 -14.4  -8.4  -1.8   4.9  11.1  15.8  14.5   9.8   3.2  -3.6 -12.3
   265GRANDE PRAIRIE ALT        55.17      0.0       0.0
  3684  6363 10465 16409 20428 26749 20679 21097 12809  6823  3391  2135
    10    22    27    31    44    66    77    66    48    35    27    24
 -17.3 -12.4  -7.4   2.4  10.0  13.7  16.0  14.8  10.2   4.2  -6.3 -13.2
   266HALIFAX        NS         44.65      0.0       0.0
  5176  7886 12313 14728 17274 19728 19222 17957 13743  9216  5250  3764
    24    24    24    24    24    24    24    24    24    24    24    24
  -3.2  -3.3   0.1   4.8   9.7  14.4  18.3  18.6  15.6  10.7   5.7  -0.6
   267INUVIK         NWT        68.30      0.0       0.0
   208  1951  7463 15557 20345 21962 18764 12183  6363  2392   420   028
     4     7    14    27    35    60    77   107    43    27    16     8
 -29.3 -29.4 -23.8 -14.6  -0.8   9.8  13.3  10.3   2.7  -7.2 -20.6 -27.1
   268JASPER         ALT        52.88      0.0       0.0
  3349  6949 11721 17163 20930 23232 22856 18921 15279  7451  3935  2553
    10    22    27    31    44    66    77    66    48    35    27    24
 -12.2  -6.6  -2.7   3.3   8.7  12.5  15.2  14.1   9.9   4.8  -3.8  -9.1
   269KAMLOOPS       BC         50.68      0.0       0.0
  3349  6405 11511 16744 20553 23232 23316 19423 13688  7493  3977  2637
    31    31    30    35    48    60    60    52    49    44    31    34
  -6.0  -1.3   3.6   9.3  14.3  18.0  20.9  19.7  15.0   8.4   1.7  -2.6
   270KAPUSKASING    ONT        49.42      0.0       0.0
  4646  7828 13228 16409 18209 21767 20344 16702 11763  6865  3642  3433
    13    17    24    34    44    77    94    94    62    54    31    31
 -18.2 -15.8  -9.1   0.6   7.8  14.1  16.9  15.3  10.4   5.1  -4.2 -14.1
   271KENORA         ONT        49.80      0.0       0.0
  5274  9209 14442 18000 19883 22604 22939 19172 12642  8205  5023  3767
    13    17    24    34    44    77    94    94    62    54    31    31
 -17.7 -14.7  -7.0   2.5   9.8  15.7  19.1  17.8  11.7   6.0  -4.6 -13.8
   272KINGSTON       ONT        44.25      0.0       0.0
  5442  8372 12893 15907 20302 21767 21767 19046 14651  9418  5023  4186
    31    24    31    39    60   101   117   108   108    62    43    24
  -7.1  -7.7  -2.1   5.3  12.1  17.2  20.6  19.8  16.3   9.8   3.8  -3.2
   273LETHBRIDGE     ALT        49.70      0.0       0.0
  4772  8372 13688 17832 21516 23986 25493 21432 15404 10046  5651  3516
    10    22    27    31    44    66    77    66    48    35    27    24
  -9.4  -5.6  -2.4   5.3  10.9  14.9  18.8  17.6  12.7   7.6  -0.7  -5.5
   274LONDON         ONT        42.98      0.0       0.0
  5274  8372 12558 15907 20511 22814 22604 18795 14860 10256  5274  4605
    31    24    31    39    60   101   117   108   108    62    43    24
  -6.0  -5.6  -0.7   6.6  12.3  18.2  20.5  19.7  15.7   9.9   3.1  -3.6
   275MANIWAKI       QUE        46.38      0.0       0.0
  5274  8791 14442 16325 19883 22479 21265 17790 13479  8581  4646  3977
     7    27    31    30    57    88   101    94    57    39    31    22
 -13.4 -11.8  -5.3   3.8  10.4  15.8  18.1  16.8  12.4   6.8   0.1  -9.7
   276MEDICINE HAT   ALT        50.02      0.0       0.0
  5023  8539 14149 17790 21265 23190 25158 20930 15488  9879  5358  3893
    10    22    27    31    44    66    77    66    48    35    27    24
 -12.1  -8.1  -3.2   5.9  12.1  16.1  20.2  18.9  13.2   7.6  -1.6  -7.6
   277MONCTON        NB         46.10      0.0       0.0
  4479  7786 12223 15572 18460 19256 19925 17121 13018  9042  4437  3809
    21    21    30    39    57    88    98   104    88    62    34    24
  -8.1  -7.7  -2.8   3.6   9.8  14.9  18.6  17.5  13.2   7.8   2.3  -5.3
   278MONT JOLI      QUE        48.60      0.0       0.0
  4730  8456 13604 16828 18670 20428 19674 16618 12432  7535  4186  3684
     7    27    31    30    57    88   101    94    57    39    31    22
 -11.1 -10.2  -4.9   1.8   8.2  14.1  17.2  16.1  11.8   6.3   0.1  -7.6
   279MONTREAL INT'L QUE        45.50      0.0       0.0
  5337  8540 12435 16082 18818 20103 20952 17130 13170  8244  4474  3815
    19    14    27    30    52    82   101   101    82    57    27    24
  -9.9  -8.8  -2.3   5.9  12.8  18.5  21.2  19.9  15.3   9.4   2.3  -6.6
   280MOSSONEE       ONT        51.27      0.0       0.0
  4261  8182 12734 16637 18194 20207 18438 15195 10855  6165  3372  3114
    13    17    24    34    44    77    94    94    62    54    31    31
 -20.2 -18.1 -11.9  -2.3   5.4  11.8  15.5  14.4  10.0   4.7  -4.3 -15.3
   281MOUNT FOREST   ONT        43.97      0.0       0.0
  5274  8288 12474 15907 20302 23023 22604 18837 14651  9544  5023  4060
    13    17    24    34    44    77    94    94    62    54    31    31
  -8.7  -8.7  -3.1   4.5  10.2  15.9  18.0  17.2  13.8   8.2   1.7  -6.0
   282MUSKOKA        ONT        44.97      0.0       0.0
  5274  8372 12767 16116 21139 23023 22604 18711 14149  9418  4814  3726
    13    17    24    34    44    77    94    94    62    54    31    31
 -10.0  -9.0  -3.7   4.7  10.7  16.2  18.5  17.6  13.5   8.1   1.2  -6.9
   283NATASHQUAN     QUE        50.20      0.0       0.0
  3684  7325 11721 15572 17790 19046 18628 15907 11637  7158  3684  2888
     7    27    31    30    57    88   101    94    57    39    31    22
 -11.8 -10.9  -6.2  -0.6   4.7  10.1  14.1  13.3   9.4   4.5  -0.8  -8.8
   284NORTH BAY      ONT        46.32      0.0       0.0
  5442  9209 13814 16577 20428 23232 21976 18628 13311  8707  4521  3809
    13    17    24    34    44    77    94    94    62    54    31    31
 -12.8 -11.1  -5.4   3.2  10.1  15.8  18.3  17.1  12.4   6.9  -0.8  -9.4
   285OTTAWA INT'L   ONT        45.32      0.0       0.0
  5789  9291 13655 16910 19902 21383 21283 18177 13250  8753  4693  4350
    31    24    31    39    60   101   117   108   108    62    43    24
 -10.9  -9.5  -3.1   5.6  12.4  18.2  20.7  19.3  14.6   8.7   1.4  -7.7
   286PEACE RIVER    ALT        56.25      0.0       0.0
  2721  6279 11805 17581 19883 19883 21976 17790 11637  6698  3307  2009
    10    22    27    31    44    66    77    66    48    35    27    24
 -20.9 -13.8  -8.6   1.8   9.4  13.6  15.9  14.4   9.4   3.6  -8.6 -15.2
   287PENTICTON      BC         49.47      0.0       0.0
  3433  7325 11511 16953 21139 23065 24069 20093 14567  8121  4186  2846
    31    31    30    35    48    60    60    52    49    44    31    34
  -2.9   0.3   3.7   8.7  13.4  17.1  20.1  19.2  14.7   8.7   3.1  -0.4
   288PORT HARDY     BC         50.67      0.0       0.0
  2733  5546  8786 13019 17951 18370 18973 15370 11127  5983  3064  2080
    38    48    43    54    62    77    82    82    77    67    57    48
   2.4   3.8   4.4   6.5   9.6  12.1  13.6  13.8  11.9   8.7   5.3   3.4
   289POSTE DE LA BA QUE        55.28      0.0       0.0
  3139  6907 12139 16660 18418 19925 17874 14149  9335  5358  2595  2177
     7    27    31    30    57    88   101    94    57    39    31    22
 -22.3 -22.2 -16.5  -6.8   0.9   6.3  10.6  10.3   7.5   2.3  -4.7 -14.8
   290PRINCE ALBERT  SAS        53.17      0.0       0.0
  3977  7786 13604 18628 20511 22186 22939 18628 12558  7702  3977  2805
     7    27    31    30    57    88   101    94    57    39    31    22
 -21.1 -16.9 -10.4   1.7   9.5  14.3  17.7  16.2  10.2   3.9  -7.1 -16.4
   291PRINCE GEORGE  BC         53.83      0.0       0.0
  2626  5301  9854 16199 18213 21238 10304 16604 11465  5906  3058  1778
    31    31    30    35    48    60    60    52    49    44    31    34
 -11.8  -6.2  -2.1   3.9   9.4  13.0  14.9  13.7   9.8   4.7  -2.8  -7.6
   292PRINCE RUPERT  BC         54.28      0.0       0.0
  2512  4730 10088 13604 18418 18628 16702 14232  8581  4688  2512  1340
    38    48    43    54    62    77    82    82    77    67    57    48
   0.1   2.6   3.2   5.3   8.5  11.1  12.8  13.4  11.6   8.2   4.2   1.1
   293QUEBEC         QUE        46.81      0.0       0.0
  5442  9209 14442 16660 19256 21349 20511 17372 13186  8372  4605  4395
    19    14    27    30    52    82   101   101    82    57    27    24
 -11.6 -10.6  -4.4   3.3  10.6  16.3  19.2  17.8  13.1   7.2   0.2  -8.6
   294RED DEER       ALT        52.27      0.0       0.0
  3977  7744 13479 17790 21181 22939 21976 17497 13856  8707  5191  3139
    10    22    27    31    44    66    77    66    48    35    27    24
 -14.9 -10.9  -6.2   3.2   9.6  13.4  16.2  14.8  10.1   4.6  -4.6 -11.1
   295REGINA         SAS        50.45      0.0       0.0
  5149  8791 14442 18418 21139 23065 24488 20093 14232  9209  5065  3767
     7    27    31    30    57    88   101    94    57    39    31    22
 -17.3 -14.3  -8.3   3.3  10.6  15.3  18.9  17.9  11.6   5.3  -5.2 -12.9
   296RESOLUTE       NWT        74.68      0.0       0.0
   000   635  5261 14741 23221 25039 18589 11147  5216  1270   073   000
     4     7    14    27    35    60    77   107    43    27    16     8
 -32.6 -33.5 -31.3 -23.1 -10.7  -0.3   4.3   2.7  -4.9 -14.7 -24.2 -28.8
   297REVELSTOKE     BC         51.00      0.0       0.0
  3767  7032 11846 17163 21139 23358 23902 19883 14149  7953  4395  3558
    31    31    30    35    48    60    60    52    49    44    31    34
  -7.4  -3.0   0.6   6.3  12.6  15.8  18.6  17.3  12.9   6.8   1.1  -3.7
   298RIVIERE AU REN QUE        49.02      0.0       0.0
  3935  5358 10381 15697 17832 17414 18837 15697 11637  7325  3809  3014
     7    27    31    30    57    88   101    94    57    39    31    22
  -9.6  -9.7  -5.4  -0.1   6.3  12.2  16.4  15.7  11.5   6.4   0.7  -6.3
   299RIVIER DU LOUP QUE        47.80      0.0       0.0
  5023  8623 13939 16786 18837 20804 19800 16744 12558  7870  4479  3935
     7    27    31    30    57    88   101    94    57    39    31    22
 -12.3 -11.6  -5.6   1.2   8.4  14.0  17.2  15.7  11.5   5.9  -0.7  -8.8
   300SAINT JOHN     NB         45.27      0.0       0.0
  5274  8581 12893 15697 18628 20721 19883 18418 14442  8539  5023  4395
    21    21    30    39    57    88    98   104    88    62    34    24
  -7.1  -6.6  -1.4   4.1   9.6  13.7  17.1  17.2  14.0   8.9   3.1  -4.3
   301SASKATOON      SAS        52.23      0.0       0.0
  4186  8121 13479 17121 20846 22353 23525 18963 13521  8288  4312  3056
     7    27    31    30    57    88   101    94    57    39    31    22
 -18.7 -15.1  -8.7   3.3  10.6  15.4  18.8  17.4  11.3   5.0  -5.8 -14.0
   302SCHEFFERVILLE  QUE        54.80      0.0       0.0
  3139  7032 12935 17163 17790 18921 16618 14525  9544  5609  3098  2302
     7    27    31    30    57    88   101    94    57    39    31    22
 -22.7 -21.2 -14.8  -6.9   0.9   8.5  12.6  10.8   5.6  -0.9  -8.7 -18.1
   303SEPT-ILLES     QUE        50.22      0.0       0.0
  4569  8177 12174 15061 18254 21500 18500 16677 11348  7453  4081  3097
     7    27    31    30    57    88   101    94    57    39    31    22
 -13.9 -12.7  -6.7  -0.3   5.7  11.6  15.1  14.2   9.6   4.0  -2.2 -10.4
   304SHERBROOKE     QUE        45.40      0.0       0.0
  4814  8581 13395 15697 19256 21767 21139 17790 14232  8791  4939  4395
     7    27    31    30    57    88   101    94    57    39    31    22
 -11.6 -10.7  -4.3   3.6  10.3  15.3  17.8  16.5  12.4   7.0   0.6  -8.4
   305SIMCO          ONT        42.85      0.0       0.0
  5358  8372 12558 15697 20093 23023 21976 19046 15488 10046  5316  4228
    13    17    24    34    44    77    94    94    62    54    31    31
  -6.2  -6.1  -0.3   6.7  12.3  18.1  20.3  19.4  15.8   9.9   3.9  -3.1
   306ST. JOHN'S     NFL        47.57      0.0       0.0
? 4204  7096 10485 13427 16529 19332 20209 15785 12045  6865  4046  2984
    21    21    30    39    57    88    98   104    88    62    34    24
  -3.8  -4.2  -2.4   1.1   5.5  10.4  15.3  15.4  11.9   7.1   3.5  -1.3
   307STEPHENVILLE   NFL        48.53      0.0       0.0
  3851  7242 11511 13604 17581 19046 18628 16032 12139  7577  3767  2930
    21    21    30    39    57    88    98   104    88    62    34    24
  -4.8  -5.8  -2.8   1.7   6.8  11.5  15.9  16.2  12.3   7.4   3.1  -2.2
   308SUDBURY        ONT        46.48      0.0       0.0
  5400  8707 14232 16744 20511 23358 22521 18837 13060  8414  4395  3767
    13    17    24    34    44    77    94    94    62    54    31    31
 -13.4 -12.1  -6.0   3.1  10.1  16.3  18.9  17.5  12.7   7.1  -0.9  -9.8
   309SWIFT CURRENT  SAS        50.33      0.0       0.0
  5072  8765 14329 18115 21514 22935 24438 20206 14364  9441  5279  3832
     7    27    31    30    57    88   101    94    57    39    31    22
 -13.9 -10.6  -5.9   3.7  10.3  14.8  18.7  17.7  11.8   6.1  -3.7  -9.7
   310SYDNEY         NS         46.17      0.0       0.0
  4186  7577 11721 14232 18628 20093 19883 16953 13395  8163  4144  3349
    24    24    24    24    24    24    24    24    24    24    24    24
  -4.4  -5.5  -2.4   2.2   7.7  13.0  17.9  17.8  13.9   8.9   4.2  -1.5
   311TERRACE        BC         54.52      0.0       0.0
  2470  5191 10256 14442 18418 19256 17749 14609  9418  4939  2512  1591
    31    31    30    35    48    60    60    52    49    44    31    34
  -5.7  -0.9   1.8   5.7  10.2  14.0  16.2  15.6  11.9   6.3   0.2  -3.4
   312THE PAS        MAN        53.82      0.0       0.0
  3303  6892 12669 18392 20345 20516 20705 16714 11292  6513  3224  2459
     7    27    31    30    57    88   101    94    57    39    31    22
 -22.4 -18.3 -11.4  -0.4   7.7  14.0  17.9  16.3  10.2   3.8  -7.5 -17.4
   313THOMPSON       MAN        55.80      0.0       0.0
  3474  7325 13186 19088 21893 22395 21976 15697 10465  6070  3265  2177
     7    27    31    30    57    88   101    94    57    39    31    22
 -26.2 -21.5 -13.6  -2.7   5.7  12.3  15.3  14.0   6.6  -0.3 -11.2 -21.5
   314THUNDER BAY    ONT        48.37      0.0       0.0
  5358  9209 14442 18000 19883 22604 23232 18711 12893  8163  5065  3851
    13    17    24    34    44    77    94    94    62    54    31    31
 -14.8 -13.0  -6.2   2.4   8.3  13.8  17.5  16.5  11.3   6.1  -2.5 -10.8
   315TIMMINS        ONT        48.47      0.0       0.0
  5232  8581 14442 17246 19465 22270 21349 17581 12014  7325  3935  3474
    13    17    24    34    44    77    94    94    62    54    31    31
 -16.9 -14.8  -8.6   1.3   8.7  14.7  17.4  15.7  10.9   5.4  -3.5 -13.1
   316TORONTO INT'L  ONT        43.68      0.0       0.0
  5216  8067 12044 16109 19801 21851 21894 18754 13930  9347  4748  3864
    31    24    31    39    60   101   117   108   108    62    43    24
  -6.3  -5.8  -0.9   6.4  12.2  18.2  20.7  20.0  15.7   9.8   3.4  -3.5
   317TRENTON        ONT        44.10      0.0       0.0
  5358  8372 12600 15697 16116 23023 21976 19046 14693  9418  5149  4270
    31    24    31    39    60   101   117   108   108    62    43    24
  -7.2  -6.2  -0.8   6.6  12.4  18.2  20.8  20.1  15.7   9.8   3.4  -4.3
   318TRURO          NS         45.43      0.0       0.0
  4646  8163 12349 15111 18795 20930 20721 17874 14149  8623  4730  3935
    24    24    24    24    24    24    24    24    24    24    24    24
  -5.9  -6.3  -2.3   3.2   8.7  13.3  17.6  16.7  12.6   7.8   3.3  -3.3
   319VAL D'OR       QUE        48.05      0.0       0.0
  5274  8539 14860 17037 19297 21976 20511 17246 12223  7619  4144  3642
     7    27    31    30    57    88   101    94    57    39    31    22
 -16.7 -14.4  -8.3   1.3   8.4  14.6  17.1  15.4  10.8   4.9  -2.9 -12.7
   320VANCOUVER INT' BC         49.28      0.0       0.0
  2881  5614  9956 15110 20321 21814 22942 18707 13452  7243  3576  2279
    38    48    43    54    62    77    82    82    77    67    57    48
   2.4   4.4   5.8   8.9  12.4  15.3  17.4  17.1  14.2  10.1   6.1   3.8
   321VICTORIA INT'L BC         48.65      0.0       0.0
  3139  6279 10507 16744 21014 23023 23023 19046 14651  7325  4228  2595
    38    48    43    54    62    77    82    82    77    67    57    48
   2.9   4.7   5.8   8.6  11.9  14.5  16.4  16.1  13.9  10.0   6.2   4.2
   322WHITEHORSE     YUK        60.75      0.0       0.0
  1301  4005  9369 15405 19882 21269 19055 14729  9021  4283  1662   737
     4     7    14    27    35    60    77   107    43    27    16     8
 -18.9 -13.2  -7.7  -0.1   7.1  12.4  14.1  12.3   7.8   0.7  -9.0 -15.8
   323WIARTON        ONT        44.75      0.0       0.0
  5149  8288 12474 16325 21139 23232 22814 19046 14232  9209  4730  3767
    31    24    31    39    60   101   117   108   108    62    43    24
  -6.6  -6.8  -3.0   4.9  10.3  15.8  18.7  18.4  14.6   9.6   2.9  -3.4
   324WILLIAMS LAKE  BC         52.13      0.0       0.0
  3433  6321 11428 15949 19883 22437 21976 18293 12558  6698  3558  2344
    31    31    30    35    48    60    60    52    49    44    31    34
 -10.2  -4.9  -4.1   4.3   9.6  13.3  15.7  14.9  10.8   5.1  -2.2  -6.8
   325WINDSOR        ONT        42.33      0.0       0.0
  5191  8163 12349 15907 20302 22814 22604 19256 15697 10674  5358  4605
    31    24    31    39    60   101   117   108   108    62    43    24
  -4.3  -3.4   1.2   8.2  14.0  19.9  22.3  21.3  17.4  11.6   4.3  -2.0
   326WINNIPEG INT'L MAN        49.90      0.0       0.0
  5234  9070 14076 17574 20964 22696 22985 19145 13392  8238  4605  3817
    24    24    24    24    24    24    24    24    24    24    24    24
 -18.3 -15.7  -8.1   3.3  10.6  16.5  19.7  18.7  12.6   6.6  -4.4 -13.7
   327YARMOUTH       NS         43.83      0.0       0.0
  5358  8791 12977 15279 18628 20721 20721 18670 14986  8874  5400  4605
    24    24    24    24    24    24    24    24    24    24    24    24
  -2.7  -2.9   0.2   4.6   9.3  13.3  16.4  16.4  13.9   9.8   5.4  -0.2
   328YELLOWKNIFE    NWT        62.47      0.0       0.0
  1005  3935  9963 18209 23860 23232 20428 15697  8372  4060  1256   753
     4     7    14    27    35    60    77   107    43    27    16     8
 -28.6 -25.7 -18.6  -7.8   4.0  12.2  16.0  14.1   6.8  -1.2 -14.2 -23.8
   329YORKTON        SAS        51.18      0.0       0.0
  4772  9209 13814 18418 20511 22604 23525 19465 13395  8581  4521  3391
     7    27    31    30    57    88   101    94    57    39    31    22
 -19.0 -15.7  -9.6   2.1   9.9  15.1  18.5  17.2  11.1   5.1  -6.0 -14.4

Comments (Those lines are ignored by Type54)
--------------------------------------------
This file shows an example of data that must be provided to Type 54 for 329 locations in the US.
File format:

line 1: NLOC

line 2: LOCATION 1               LATITUDE 
line 3: I1  I2  I3 . . . I12
line 4: w1*10000  w2*10000  w3*10000  . . . w12*10000
line 5: TEMP1  TEMP2  TEMP3 . . . TEMP12

line 6: LOCATION 2               LATITUDE 
line 7: I1  I2  I3 . . . I12
line 8: w1*10000  w2*10000  w3*10000  . . . w12*10000
line 9: TEMP1  TEMP2  TEMP3 . . . TEMP12

Etc.  


where:
 NLOC         - the number of locations in the data base
 LOCATION     - is the name of the location, maximum of 32 characters (pad with spaces if less than 32 characters)
 LATITUDE     - between -90.0 and 90.0, number must start in column 33
 I1-I12       - monthly average daily global horizontal solar radiation (kJ/m2 per day) - Free format (real number)
 w1-w12       - monthly average humidity ratio times 10000 (kg water/kg air) - Free format (real number)
 TEMP1-TEMP12 - monthly average temperature (C) - Free format (real number)

 From one to as many locations as desired can be entered into the data file.  If locations are added to the end of wdata.dat; the first line, which contains NLOC, must be changed.



