7
  1,Solarex MSX-64
  4.00  21.30  25.0  1000.0  3.66  17.50  3.0E-3  -0.0730  20.0  49.0  800.0   0.0   0.0
  2,Flagsol (KFA)- Oldstuff
  2.61  87.52  25.0  1000.0  2.39  70.63  1.4E-3  -0.3341  20.0  44.0  800.0   30.0  50000.0
  3,Solarex MSX-64 - Adapted for Lyklingholmen
  3.48  21.30  25.0  1000.0  3.18  17.50  3.0E-3  -0.0730  20.0  49.0  800.0   0.0   0.0
  4,Solarex MSX-64 - Adapted for Lyklingholmen
  3.40  21.30  25.0  1000.0  3.11  17.50  3.0E-3  -0.0730  20.0  49.0  800.0   0.0   0.0
  5, Flagsol (KFA) 150 cell module (29.06.97)
  2.664 87.720 25.0  1000.0  2.448 70.731 1.48E-3 -0.3318  20.0  44.0  800.0   30.0  50000.0
  6, Flagsol (KFA) 100 cell module (12.09.97)
  2.664 58.480 25.0  1000.0  2.448 47.154 1.48E-3 -0.2212  20.0  44.0  800.0   29.0  48000.0
  7, Kyocera LA 44/63S (IFE)
  3.304 25.909 25.0  1000   3.03   20.7   2.20E-3 -0.095   20.0  50.0  800.0   0.0   0.0

