Time	Building Load (kJ/h)
1	13242
2	14400
3	15394
4	16157
5	16636
6	16800
7	16636
8	16157
9	15394
10	14400
11	13242
12	12000
13	10758
14	9600
15	8606
16	7843
17	7364
18	7200
19	7364
20	7843
21	8606
22	9600
23	10758
24	12000
25	13242
26	14400
27	15394
28	16157
29	16636
30	16800
31	16636
32	16157
33	15394
34	14400
35	13242
36	12000
37	10758
38	9600
39	8606
40	7843
41	7364
42	7200
43	7364
44	7843
45	8606
46	9600
47	10758
48	12000
49	13242
50	14400
51	15394
52	16157
53	16636
54	16800
55	16636
56	16157
57	15394
58	14400
59	13242
60	12000
61	10758
62	9600
63	8606
64	7843
65	7364
66	7200
67	7364
68	7843
69	8606
70	9600
71	10758
72	12000
73	13242
74	14400
75	15394
76	16157
77	16636
78	16800
79	16636
80	16157
81	15394
82	14400
83	13242
84	12000
85	10758
86	9600
87	8606
88	7843
89	7364
90	7200
91	7364
92	7843
93	8606
94	9600
95	10758
96	12000
97	13242
98	14400
99	15394
100	16157
101	16636
102	16800
103	16636
104	16157
105	15394
106	14400
107	13242
108	12000
109	10758
110	9600
111	8606
112	7843
113	7364
114	7200
115	7364
116	7843
117	8606
118	9600
119	10758
120	12000
121	13242
122	14400
123	15394
124	16157
125	16636
126	16800
127	16636
128	16157
129	15394
130	14400
131	13242
132	12000
133	10758
134	9600
135	8606
136	7843
137	7364
138	7200
139	7364
140	7843
141	8606
142	9600
143	10758
144	12000
145	13242
146	14400
147	15394
148	16157
149	16636
150	16800
151	16636
152	16157
153	15394
154	14400
155	13242
156	12000
157	10758
158	9600
159	8606
160	7843
161	7364
162	7200
163	7364
164	7843
165	8606
166	9600
167	10758
168	12000
169	13242
170	14400
171	15394
172	16157
173	16636
174	16800
175	16636
176	16157
177	15394
178	14400
179	13242
180	12000
181	10758
182	9600
183	8606
184	7843
185	7364
186	7200
187	7364
188	7843
189	8606
190	9600
191	10758
192	12000
193	13242
194	14400
195	15394
196	16157
197	16636
198	16800
199	16636
200	16157
201	15394
202	14400
203	13242
204	12000
205	10758
206	9600
207	8606
208	7843
209	7364
210	7200
211	7364
212	7843
213	8606
214	9600
215	10758
216	12000
217	13242
218	14400
219	15394
220	16157
221	16636
222	16800
223	16636
224	16157
225	15394
226	14400
227	13242
228	12000
229	10758
230	9600
231	8606
232	7843
233	7364
234	7200
235	7364
236	7843
237	8606
238	9600
239	10758
240	12000
241	13242
242	14400
243	15394
244	16157
245	16636
246	16800
247	16636
248	16157
249	15394
250	14400
251	13242
252	12000
253	10758
254	9600
255	8606
256	7843
257	7364
258	7200
259	7364
260	7843
261	8606
262	9600
263	10758
264	12000
265	13242
266	14400
267	15394
268	16157
269	16636
270	16800
271	16636
272	16157
273	15394
274	14400
275	13242
276	12000
277	10758
278	9600
279	8606
280	7843
281	7364
282	7200
283	7364
284	7843
285	8606
286	9600
287	10758
288	12000
289	13242
290	14400
291	15394
292	16157
293	16636
294	16800
295	16636
296	16157
297	15394
298	14400
299	13242
300	12000
301	10758
302	9600
303	8606
304	7843
305	7364
306	7200
307	7364
308	7843
309	8606
310	9600
311	10758
312	12000
313	13242
314	14400
315	15394
316	16157
317	16636
318	16800
319	16636
320	16157
321	15394
322	14400
323	13242
324	12000
325	10758
326	9600
327	8606
328	7843
329	7364
330	7200
331	7364
332	7843
333	8606
334	9600
335	10758
336	12000
337	13242
338	14400
339	15394
340	16157
341	16636
342	16800
343	16636
344	16157
345	15394
346	14400
347	13242
348	12000
349	10758
350	9600
351	8606
352	7843
353	7364
354	7200
355	7364
356	7843
357	8606
358	9600
359	10758
360	12000
361	13242
362	14400
363	15394
364	16157
365	16636
366	16800
367	16636
368	16157
369	15394
370	14400
371	13242
372	12000
373	10758
374	9600
375	8606
376	7843
377	7364
378	7200
379	7364
380	7843
381	8606
382	9600
383	10758
384	12000
385	13242
386	14400
387	15394
388	16157
389	16636
390	16800
391	16636
392	16157
393	15394
394	14400
395	13242
396	12000
397	10758
398	9600
399	8606
400	7843
401	7364
402	7200
403	7364
404	7843
405	8606
406	9600
407	10758
408	12000
409	13242
410	14400
411	15394
412	16157
413	16636
414	16800
415	16636
416	16157
417	15394
418	14400
419	13242
420	12000
421	10758
422	9600
423	8606
424	7843
425	7364
426	7200
427	7364
428	7843
429	8606
430	9600
431	10758
432	12000
433	13242
434	14400
435	15394
436	16157
437	16636
438	16800
439	16636
440	16157
441	15394
442	14400
443	13242
444	12000
445	10758
446	9600
447	8606
448	7843
449	7364
450	7200
451	7364
452	7843
453	8606
454	9600
455	10758
456	12000
457	13242
458	14400
459	15394
460	16157
461	16636
462	16800
463	16636
464	16157
465	15394
466	14400
467	13242
468	12000
469	10758
470	9600
471	8606
472	7843
473	7364
474	7200
475	7364
476	7843
477	8606
478	9600
479	10758
480	12000
481	13242
482	14400
483	15394
484	16157
485	16636
486	16800
487	16636
488	16157
489	15394
490	14400
491	13242
492	12000
493	10758
494	9600
495	8606
496	7843
497	7364
498	7200
499	7364
500	7843
501	8606
502	9600
503	10758
504	12000
505	13242
506	14400
507	15394
508	16157
509	16636
510	16800
511	16636
512	16157
513	15394
514	14400
515	13242
516	12000
517	10758
518	9600
519	8606
520	7843
521	7364
522	7200
523	7364
524	7843
525	8606
526	9600
527	10758
528	12000
529	13242
530	14400
531	15394
532	16157
533	16636
534	16800
535	16636
536	16157
537	15394
538	14400
539	13242
540	12000
541	10758
542	9600
543	8606
544	7843
545	7364
546	7200
547	7364
548	7843
549	8606
550	9600
551	10758
552	12000
553	13242
554	14400
555	15394
556	16157
557	16636
558	16800
559	16636
560	16157
561	15394
562	14400
563	13242
564	12000
565	10758
566	9600
567	8606
568	7843
569	7364
570	7200
571	7364
572	7843
573	8606
574	9600
575	10758
576	12000
577	13242
578	14400
579	15394
580	16157
581	16636
582	16800
583	16636
584	16157
585	15394
586	14400
587	13242
588	12000
589	10758
590	9600
591	8606
592	7843
593	7364
594	7200
595	7364
596	7843
597	8606
598	9600
599	10758
600	12000
601	13242
602	14400
603	15394
604	16157
605	16636
606	16800
607	16636
608	16157
609	15394
610	14400
611	13242
612	12000
613	10758
614	9600
615	8606
616	7843
617	7364
618	7200
619	7364
620	7843
621	8606
622	9600
623	10758
624	12000
625	13242
626	14400
627	15394
628	16157
629	16636
630	16800
631	16636
632	16157
633	15394
634	14400
635	13242
636	12000
637	10758
638	9600
639	8606
640	7843
641	7364
642	7200
643	7364
644	7843
645	8606
646	9600
647	10758
648	12000
649	13242
650	14400
651	15394
652	16157
653	16636
654	16800
655	16636
656	16157
657	15394
658	14400
659	13242
660	12000
661	10758
662	9600
663	8606
664	7843
665	7364
666	7200
667	7364
668	7843
669	8606
670	9600
671	10758
672	12000
673	13242
674	14400
675	15394
676	16157
677	16636
678	16800
679	16636
680	16157
681	15394
682	14400
683	13242
684	12000
685	10758
686	9600
687	8606
688	7843
689	7364
690	7200
691	7364
692	7843
693	8606
694	9600
695	10758
696	12000
697	13242
698	14400
699	15394
700	16157
701	16636
702	16800
703	16636
704	16157
705	15394
706	14400
707	13242
708	12000
709	10758
710	9600
711	8606
712	7843
713	7364
714	7200
715	7364
716	7843
717	8606
718	9600
719	10758
720	12000
721	13242
722	14400
723	15394
724	16157
725	16636
726	16800
727	16636
728	16157
729	15394
730	14400
731	13242
732	12000
733	10758
734	9600
735	8606
736	7843
737	7364
738	7200
739	7364
740	7843
741	8606
742	9600
743	10758
744	12000
745	13242
746	14400
747	15394
748	16157
749	16636
750	16800
751	16636
752	16157
753	15394
754	14400
755	13242
756	12000
757	10758
758	9600
759	8606
760	7843
761	7364
762	7200
763	7364
764	7843
765	8606
766	9600
767	10758
768	12000
769	13242
770	14400
771	15394
772	16157
773	16636
774	16800
775	16636
776	16157
777	15394
778	14400
779	13242
780	12000
781	10758
782	9600
783	8606
784	7843
785	7364
786	7200
787	7364
788	7843
789	8606
790	9600
791	10758
792	12000
793	13242
794	14400
795	15394
796	16157
797	16636
798	16800
799	16636
800	16157
801	15394
802	14400
803	13242
804	12000
805	10758
806	9600
807	8606
808	7843
809	7364
810	7200
811	7364
812	7843
813	8606
814	9600
815	10758
816	12000
817	13242
818	14400
819	15394
820	16157
821	16636
822	16800
823	16636
824	16157
825	15394
826	14400
827	13242
828	12000
829	10758
830	9600
831	8606
832	7843
833	7364
834	7200
835	7364
836	7843
837	8606
838	9600
839	10758
840	12000
841	13242
842	14400
843	15394
844	16157
845	16636
846	16800
847	16636
848	16157
849	15394
850	14400
851	13242
852	12000
853	10758
854	9600
855	8606
856	7843
857	7364
858	7200
859	7364
860	7843
861	8606
862	9600
863	10758
864	12000
865	13242
866	14400
867	15394
868	16157
869	16636
870	16800
871	16636
872	16157
873	15394
874	14400
875	13242
876	12000
877	10758
878	9600
879	8606
880	7843
881	7364
882	7200
883	7364
884	7843
885	8606
886	9600
887	10758
888	12000
889	13242
890	14400
891	15394
892	16157
893	16636
894	16800
895	16636
896	16157
897	15394
898	14400
899	13242
900	12000
901	10758
902	9600
903	8606
904	7843
905	7364
906	7200
907	7364
908	7843
909	8606
910	9600
911	10758
912	12000
913	13242
914	14400
915	15394
916	16157
917	16636
918	16800
919	16636
920	16157
921	15394
922	14400
923	13242
924	12000
925	10758
926	9600
927	8606
928	7843
929	7364
930	7200
931	7364
932	7843
933	8606
934	9600
935	10758
936	12000
937	13242
938	14400
939	15394
940	16157
941	16636
942	16800
943	16636
944	16157
945	15394
946	14400
947	13242
948	12000
949	10758
950	9600
951	8606
952	7843
953	7364
954	7200
955	7364
956	7843
957	8606
958	9600
959	10758
960	12000
961	13242
962	14400
963	15394
964	16157
965	16636
966	16800
967	16636
968	16157
969	15394
970	14400
971	13242
972	12000
973	10758
974	9600
975	8606
976	7843
977	7364
978	7200
979	7364
980	7843
981	8606
982	9600
983	10758
984	12000
985	13242
986	14400
987	15394
988	16157
989	16636
990	16800
991	16636
992	16157
993	15394
994	14400
995	13242
996	12000
997	10758
998	9600
999	8606
1000	7843
1001	7364
1002	7200
1003	7364
1004	7843
1005	8606
1006	9600
1007	10758
1008	12000
1009	13242
1010	14400
1011	15394
1012	16157
1013	16636
1014	16800
1015	16636
1016	16157
1017	15394
1018	14400
1019	13242
1020	12000
1021	10758
1022	9600
1023	8606
1024	7843
1025	7364
1026	7200
1027	7364
1028	7843
1029	8606
1030	9600
1031	10758
1032	12000
1033	13242
1034	14400
1035	15394
1036	16157
1037	16636
1038	16800
1039	16636
1040	16157
1041	15394
1042	14400
1043	13242
1044	12000
1045	10758
1046	9600
1047	8606
1048	7843
1049	7364
1050	7200
1051	7364
1052	7843
1053	8606
1054	9600
1055	10758
1056	12000
1057	13242
1058	14400
1059	15394
1060	16157
1061	16636
1062	16800
1063	16636
1064	16157
1065	15394
1066	14400
1067	13242
1068	12000
1069	10758
1070	9600
1071	8606
1072	7843
1073	7364
1074	7200
1075	7364
1076	7843
1077	8606
1078	9600
1079	10758
1080	12000
1081	13242
1082	14400
1083	15394
1084	16157
1085	16636
1086	16800
1087	16636
1088	16157
1089	15394
1090	14400
1091	13242
1092	12000
1093	10758
1094	9600
1095	8606
1096	7843
1097	7364
1098	7200
1099	7364
1100	7843
1101	8606
1102	9600
1103	10758
1104	12000
1105	13242
1106	14400
1107	15394
1108	16157
1109	16636
1110	16800
1111	16636
1112	16157
1113	15394
1114	14400
1115	13242
1116	12000
1117	10758
1118	9600
1119	8606
1120	7843
1121	7364
1122	7200
1123	7364
1124	7843
1125	8606
1126	9600
1127	10758
1128	12000
1129	13242
1130	14400
1131	15394
1132	16157
1133	16636
1134	16800
1135	16636
1136	16157
1137	15394
1138	14400
1139	13242
1140	12000
1141	10758
1142	9600
1143	8606
1144	7843
1145	7364
1146	7200
1147	7364
1148	7843
1149	8606
1150	9600
1151	10758
1152	12000
1153	13242
1154	14400
1155	15394
1156	16157
1157	16636
1158	16800
1159	16636
1160	16157
1161	15394
1162	14400
1163	13242
1164	12000
1165	10758
1166	9600
1167	8606
1168	7843
1169	7364
1170	7200
1171	7364
1172	7843
1173	8606
1174	9600
1175	10758
1176	12000
1177	13242
1178	14400
1179	15394
1180	16157
1181	16636
1182	16800
1183	16636
1184	16157
1185	15394
1186	14400
1187	13242
1188	12000
1189	10758
1190	9600
1191	8606
1192	7843
1193	7364
1194	7200
1195	7364
1196	7843
1197	8606
1198	9600
1199	10758
1200	12000
1201	13242
1202	14400
1203	15394
1204	16157
1205	16636
1206	16800
1207	16636
1208	16157
1209	15394
1210	14400
1211	13242
1212	12000
1213	10758
1214	9600
1215	8606
1216	7843
1217	7364
1218	7200
1219	7364
1220	7843
1221	8606
1222	9600
1223	10758
1224	12000
1225	13242
1226	14400
1227	15394
1228	16157
1229	16636
1230	16800
1231	16636
1232	16157
1233	15394
1234	14400
1235	13242
1236	12000
1237	10758
1238	9600
1239	8606
1240	7843
1241	7364
1242	7200
1243	7364
1244	7843
1245	8606
1246	9600
1247	10758
1248	12000
1249	13242
1250	14400
1251	15394
1252	16157
1253	16636
1254	16800
1255	16636
1256	16157
1257	15394
1258	14400
1259	13242
1260	12000
1261	10758
1262	9600
1263	8606
1264	7843
1265	7364
1266	7200
1267	7364
1268	7843
1269	8606
1270	9600
1271	10758
1272	12000
1273	13242
1274	14400
1275	15394
1276	16157
1277	16636
1278	16800
1279	16636
1280	16157
1281	15394
1282	14400
1283	13242
1284	12000
1285	10758
1286	9600
1287	8606
1288	7843
1289	7364
1290	7200
1291	7364
1292	7843
1293	8606
1294	9600
1295	10758
1296	12000
1297	13242
1298	14400
1299	15394
1300	16157
1301	16636
1302	16800
1303	16636
1304	16157
1305	15394
1306	14400
1307	13242
1308	12000
1309	10758
1310	9600
1311	8606
1312	7843
1313	7364
1314	7200
1315	7364
1316	7843
1317	8606
1318	9600
1319	10758
1320	12000
1321	13242
1322	14400
1323	15394
1324	16157
1325	16636
1326	16800
1327	16636
1328	16157
1329	15394
1330	14400
1331	13242
1332	12000
1333	10758
1334	9600
1335	8606
1336	7843
1337	7364
1338	7200
1339	7364
1340	7843
1341	8606
1342	9600
1343	10758
1344	12000
1345	13242
1346	14400
1347	15394
1348	16157
1349	16636
1350	16800
1351	16636
1352	16157
1353	15394
1354	14400
1355	13242
1356	12000
1357	10758
1358	9600
1359	8606
1360	7843
1361	7364
1362	7200
1363	7364
1364	7843
1365	8606
1366	9600
1367	10758
1368	12000
1369	13242
1370	14400
1371	15394
1372	16157
1373	16636
1374	16800
1375	16636
1376	16157
1377	15394
1378	14400
1379	13242
1380	12000
1381	10758
1382	9600
1383	8606
1384	7843
1385	7364
1386	7200
1387	7364
1388	7843
1389	8606
1390	9600
1391	10758
1392	12000
1393	13242
1394	14400
1395	15394
1396	16157
1397	16636
1398	16800
1399	16636
1400	16157
1401	15394
1402	14400
1403	13242
1404	12000
1405	10758
1406	9600
1407	8606
1408	7843
1409	7364
1410	7200
1411	7364
1412	7843
1413	8606
1414	9600
1415	10758
1416	12000
1417	13242
1418	14400
1419	15394
1420	16157
1421	16636
1422	16800
1423	16636
1424	16157
1425	15394
1426	14400
1427	13242
1428	12000
1429	10758
1430	9600
1431	8606
1432	7843
1433	7364
1434	7200
1435	7364
1436	7843
1437	8606
1438	9600
1439	10758
1440	12000
1441	13242
1442	14400
1443	15394
1444	16157
1445	16636
1446	16800
1447	16636
1448	16157
1449	15394
1450	14400
1451	13242
1452	12000
1453	10758
1454	9600
1455	8606
1456	7843
1457	7364
1458	7200
1459	7364
1460	7843
1461	8606
1462	9600
1463	10758
1464	12000
1465	13242
1466	14400
1467	15394
1468	16157
1469	16636
1470	16800
1471	16636
1472	16157
1473	15394
1474	14400
1475	13242
1476	12000
1477	10758
1478	9600
1479	8606
1480	7843
1481	7364
1482	7200
1483	7364
1484	7843
1485	8606
1486	9600
1487	10758
1488	12000
1489	13242
1490	14400
1491	15394
1492	16157
1493	16636
1494	16800
1495	16636
1496	16157
1497	15394
1498	14400
1499	13242
1500	12000
1501	10758
1502	9600
1503	8606
1504	7843
1505	7364
1506	7200
1507	7364
1508	7843
1509	8606
1510	9600
1511	10758
1512	12000
1513	13242
1514	14400
1515	15394
1516	16157
1517	16636
1518	16800
1519	16636
1520	16157
1521	15394
1522	14400
1523	13242
1524	12000
1525	10758
1526	9600
1527	8606
1528	7843
1529	7364
1530	7200
1531	7364
1532	7843
1533	8606
1534	9600
1535	10758
1536	12000
1537	13242
1538	14400
1539	15394
1540	16157
1541	16636
1542	16800
1543	16636
1544	16157
1545	15394
1546	14400
1547	13242
1548	12000
1549	10758
1550	9600
1551	8606
1552	7843
1553	7364
1554	7200
1555	7364
1556	7843
1557	8606
1558	9600
1559	10758
1560	12000
1561	13242
1562	14400
1563	15394
1564	16157
1565	16636
1566	16800
1567	16636
1568	16157
1569	15394
1570	14400
1571	13242
1572	12000
1573	10758
1574	9600
1575	8606
1576	7843
1577	7364
1578	7200
1579	7364
1580	7843
1581	8606
1582	9600
1583	10758
1584	12000
1585	13242
1586	14400
1587	15394
1588	16157
1589	16636
1590	16800
1591	16636
1592	16157
1593	15394
1594	14400
1595	13242
1596	12000
1597	10758
1598	9600
1599	8606
1600	7843
1601	7364
1602	7200
1603	7364
1604	7843
1605	8606
1606	9600
1607	10758
1608	12000
1609	13242
1610	14400
1611	15394
1612	16157
1613	16636
1614	16800
1615	16636
1616	16157
1617	15394
1618	14400
1619	13242
1620	12000
1621	10758
1622	9600
1623	8606
1624	7843
1625	7364
1626	7200
1627	7364
1628	7843
1629	8606
1630	9600
1631	10758
1632	12000
1633	13242
1634	14400
1635	15394
1636	16157
1637	16636
1638	16800
1639	16636
1640	16157
1641	15394
1642	14400
1643	13242
1644	12000
1645	10758
1646	9600
1647	8606
1648	7843
1649	7364
1650	7200
1651	7364
1652	7843
1653	8606
1654	9600
1655	10758
1656	12000
1657	13242
1658	14400
1659	15394
1660	16157
1661	16636
1662	16800
1663	16636
1664	16157
1665	15394
1666	14400
1667	13242
1668	12000
1669	10758
1670	9600
1671	8606
1672	7843
1673	7364
1674	7200
1675	7364
1676	7843
1677	8606
1678	9600
1679	10758
1680	12000
1681	13242
1682	14400
1683	15394
1684	16157
1685	16636
1686	16800
1687	16636
1688	16157
1689	15394
1690	14400
1691	13242
1692	12000
1693	10758
1694	9600
1695	8606
1696	7843
1697	7364
1698	7200
1699	7364
1700	7843
1701	8606
1702	9600
1703	10758
1704	12000
1705	13242
1706	14400
1707	15394
1708	16157
1709	16636
1710	16800
1711	16636
1712	16157
1713	15394
1714	14400
1715	13242
1716	12000
1717	10758
1718	9600
1719	8606
1720	7843
1721	7364
1722	7200
1723	7364
1724	7843
1725	8606
1726	9600
1727	10758
1728	12000
1729	13242
1730	14400
1731	15394
1732	16157
1733	16636
1734	16800
1735	16636
1736	16157
1737	15394
1738	14400
1739	13242
1740	12000
1741	10758
1742	9600
1743	8606
1744	7843
1745	7364
1746	7200
1747	7364
1748	7843
1749	8606
1750	9600
1751	10758
1752	12000
1753	13242
1754	14400
1755	15394
1756	16157
1757	16636
1758	16800
1759	16636
1760	16157
1761	15394
1762	14400
1763	13242
1764	12000
1765	10758
1766	9600
1767	8606
1768	7843
1769	7364
1770	7200
1771	7364
1772	7843
1773	8606
1774	9600
1775	10758
1776	12000
1777	13242
1778	14400
1779	15394
1780	16157
1781	16636
1782	16800
1783	16636
1784	16157
1785	15394
1786	14400
1787	13242
1788	12000
1789	10758
1790	9600
1791	8606
1792	7843
1793	7364
1794	7200
1795	7364
1796	7843
1797	8606
1798	9600
1799	10758
1800	12000
1801	13242
1802	14400
1803	15394
1804	16157
1805	16636
1806	16800
1807	16636
1808	16157
1809	15394
1810	14400
1811	13242
1812	12000
1813	10758
1814	9600
1815	8606
1816	7843
1817	7364
1818	7200
1819	7364
1820	7843
1821	8606
1822	9600
1823	10758
1824	12000
1825	13242
1826	14400
1827	15394
1828	16157
1829	16636
1830	16800
1831	16636
1832	16157
1833	15394
1834	14400
1835	13242
1836	12000
1837	10758
1838	9600
1839	8606
1840	7843
1841	7364
1842	7200
1843	7364
1844	7843
1845	8606
1846	9600
1847	10758
1848	12000
1849	13242
1850	14400
1851	15394
1852	16157
1853	16636
1854	16800
1855	16636
1856	16157
1857	15394
1858	14400
1859	13242
1860	12000
1861	10758
1862	9600
1863	8606
1864	7843
1865	7364
1866	7200
1867	7364
1868	7843
1869	8606
1870	9600
1871	10758
1872	12000
1873	13242
1874	14400
1875	15394
1876	16157
1877	16636
1878	16800
1879	16636
1880	16157
1881	15394
1882	14400
1883	13242
1884	12000
1885	10758
1886	9600
1887	8606
1888	7843
1889	7364
1890	7200
1891	7364
1892	7843
1893	8606
1894	9600
1895	10758
1896	12000
1897	13242
1898	14400
1899	15394
1900	16157
1901	16636
1902	16800
1903	16636
1904	16157
1905	15394
1906	14400
1907	13242
1908	12000
1909	10758
1910	9600
1911	8606
1912	7843
1913	7364
1914	7200
1915	7364
1916	7843
1917	8606
1918	9600
1919	10758
1920	12000
1921	13242
1922	14400
1923	15394
1924	16157
1925	16636
1926	16800
1927	16636
1928	16157
1929	15394
1930	14400
1931	13242
1932	12000
1933	10758
1934	9600
1935	8606
1936	7843
1937	7364
1938	7200
1939	7364
1940	7843
1941	8606
1942	9600
1943	10758
1944	12000
1945	13242
1946	14400
1947	15394
1948	16157
1949	16636
1950	16800
1951	16636
1952	16157
1953	15394
1954	14400
1955	13242
1956	12000
1957	10758
1958	9600
1959	8606
1960	7843
1961	7364
1962	7200
1963	7364
1964	7843
1965	8606
1966	9600
1967	10758
1968	12000
1969	13242
1970	14400
1971	15394
1972	16157
1973	16636
1974	16800
1975	16636
1976	16157
1977	15394
1978	14400
1979	13242
1980	12000
1981	10758
1982	9600
1983	8606
1984	7843
1985	7364
1986	7200
1987	7364
1988	7843
1989	8606
1990	9600
1991	10758
1992	12000
1993	13242
1994	14400
1995	15394
1996	16157
1997	16636
1998	16800
1999	16636
2000	16157
2001	15394
2002	14400
2003	13242
2004	12000
2005	10758
2006	9600
2007	8606
2008	7843
2009	7364
2010	7200
2011	7364
2012	7843
2013	8606
2014	9600
2015	10758
2016	12000
2017	13242
2018	14400
2019	15394
2020	16157
2021	16636
2022	16800
2023	16636
2024	16157
2025	15394
2026	14400
2027	13242
2028	12000
2029	10758
2030	9600
2031	8606
2032	7843
2033	7364
2034	7200
2035	7364
2036	7843
2037	8606
2038	9600
2039	10758
2040	12000
2041	13242
2042	14400
2043	15394
2044	16157
2045	16636
2046	16800
2047	16636
2048	16157
2049	15394
2050	14400
2051	13242
2052	12000
2053	10758
2054	9600
2055	8606
2056	7843
2057	7364
2058	7200
2059	7364
2060	7843
2061	8606
2062	9600
2063	10758
2064	12000
2065	13242
2066	14400
2067	15394
2068	16157
2069	16636
2070	16800
2071	16636
2072	16157
2073	15394
2074	14400
2075	13242
2076	12000
2077	10758
2078	9600
2079	8606
2080	7843
2081	7364
2082	7200
2083	7364
2084	7843
2085	8606
2086	9600
2087	10758
2088	12000
2089	13242
2090	14400
2091	15394
2092	16157
2093	16636
2094	16800
2095	16636
2096	16157
2097	15394
2098	14400
2099	13242
2100	12000
2101	10758
2102	9600
2103	8606
2104	7843
2105	7364
2106	7200
2107	7364
2108	7843
2109	8606
2110	9600
2111	10758
2112	12000
2113	13242
2114	14400
2115	15394
2116	16157
2117	16636
2118	16800
2119	16636
2120	16157
2121	15394
2122	14400
2123	13242
2124	12000
2125	10758
2126	9600
2127	8606
2128	7843
2129	7364
2130	7200
2131	7364
2132	7843
2133	8606
2134	9600
2135	10758
2136	12000
2137	13242
2138	14400
2139	15394
2140	16157
2141	16636
2142	16800
2143	16636
2144	16157
2145	15394
2146	14400
2147	13242
2148	12000
2149	10758
2150	9600
2151	8606
2152	7843
2153	7364
2154	7200
2155	7364
2156	7843
2157	8606
2158	9600
2159	10758
2160	12000
2161	13242
2162	14400
2163	15394
2164	16157
2165	16636
2166	16800
2167	16636
2168	16157
2169	15394
2170	14400
2171	13242
2172	12000
2173	10758
2174	9600
2175	8606
2176	7843
2177	7364
2178	7200
2179	7364
2180	7843
2181	8606
2182	9600
2183	10758
2184	12000
2185	13242
2186	14400
2187	15394
2188	16157
2189	16636
2190	16800
2191	16636
2192	16157
2193	15394
2194	14400
2195	13242
2196	12000
2197	10758
2198	9600
2199	8606
2200	7843
2201	7364
2202	7200
2203	7364
2204	7843
2205	8606
2206	9600
2207	10758
2208	12000
2209	13242
2210	14400
2211	15394
2212	16157
2213	16636
2214	16800
2215	16636
2216	16157
2217	15394
2218	14400
2219	13242
2220	12000
2221	10758
2222	9600
2223	8606
2224	7843
2225	7364
2226	7200
2227	7364
2228	7843
2229	8606
2230	9600
2231	10758
2232	12000
2233	13242
2234	14400
2235	15394
2236	16157
2237	16636
2238	16800
2239	16636
2240	16157
2241	15394
2242	14400
2243	13242
2244	12000
2245	10758
2246	9600
2247	8606
2248	7843
2249	7364
2250	7200
2251	7364
2252	7843
2253	8606
2254	9600
2255	10758
2256	12000
2257	13242
2258	14400
2259	15394
2260	16157
2261	16636
2262	16800
2263	16636
2264	16157
2265	15394
2266	14400
2267	13242
2268	12000
2269	10758
2270	9600
2271	8606
2272	7843
2273	7364
2274	7200
2275	7364
2276	7843
2277	8606
2278	9600
2279	10758
2280	12000
2281	13242
2282	14400
2283	15394
2284	16157
2285	16636
2286	16800
2287	16636
2288	16157
2289	15394
2290	14400
2291	13242
2292	12000
2293	10758
2294	9600
2295	8606
2296	7843
2297	7364
2298	7200
2299	7364
2300	7843
2301	8606
2302	9600
2303	10758
2304	12000
2305	13242
2306	14400
2307	15394
2308	16157
2309	16636
2310	16800
2311	16636
2312	16157
2313	15394
2314	14400
2315	13242
2316	12000
2317	10758
2318	9600
2319	8606
2320	7843
2321	7364
2322	7200
2323	7364
2324	7843
2325	8606
2326	9600
2327	10758
2328	12000
2329	13242
2330	14400
2331	15394
2332	16157
2333	16636
2334	16800
2335	16636
2336	16157
2337	15394
2338	14400
2339	13242
2340	12000
2341	10758
2342	9600
2343	8606
2344	7843
2345	7364
2346	7200
2347	7364
2348	7843
2349	8606
2350	9600
2351	10758
2352	12000
2353	13242
2354	14400
2355	15394
2356	16157
2357	16636
2358	16800
2359	16636
2360	16157
2361	15394
2362	14400
2363	13242
2364	12000
2365	10758
2366	9600
2367	8606
2368	7843
2369	7364
2370	7200
2371	7364
2372	7843
2373	8606
2374	9600
2375	10758
2376	12000
2377	13242
2378	14400
2379	15394
2380	16157
2381	16636
2382	16800
2383	16636
2384	16157
2385	15394
2386	14400
2387	13242
2388	12000
2389	10758
2390	9600
2391	8606
2392	7843
2393	7364
2394	7200
2395	7364
2396	7843
2397	8606
2398	9600
2399	10758
2400	12000
2401	13242
2402	14400
2403	15394
2404	16157
2405	16636
2406	16800
2407	16636
2408	16157
2409	15394
2410	14400
2411	13242
2412	12000
2413	10758
2414	9600
2415	8606
2416	7843
2417	7364
2418	7200
2419	7364
2420	7843
2421	8606
2422	9600
2423	10758
2424	12000
2425	13242
2426	14400
2427	15394
2428	16157
2429	16636
2430	16800
2431	16636
2432	16157
2433	15394
2434	14400
2435	13242
2436	12000
2437	10758
2438	9600
2439	8606
2440	7843
2441	7364
2442	7200
2443	7364
2444	7843
2445	8606
2446	9600
2447	10758
2448	12000
2449	13242
2450	14400
2451	15394
2452	16157
2453	16636
2454	16800
2455	16636
2456	16157
2457	15394
2458	14400
2459	13242
2460	12000
2461	10758
2462	9600
2463	8606
2464	7843
2465	7364
2466	7200
2467	7364
2468	7843
2469	8606
2470	9600
2471	10758
2472	12000
2473	13242
2474	14400
2475	15394
2476	16157
2477	16636
2478	16800
2479	16636
2480	16157
2481	15394
2482	14400
2483	13242
2484	12000
2485	10758
2486	9600
2487	8606
2488	7843
2489	7364
2490	7200
2491	7364
2492	7843
2493	8606
2494	9600
2495	10758
2496	12000
2497	13242
2498	14400
2499	15394
2500	16157
2501	16636
2502	16800
2503	16636
2504	16157
2505	15394
2506	14400
2507	13242
2508	12000
2509	10758
2510	9600
2511	8606
2512	7843
2513	7364
2514	7200
2515	7364
2516	7843
2517	8606
2518	9600
2519	10758
2520	12000
2521	13242
2522	14400
2523	15394
2524	16157
2525	16636
2526	16800
2527	16636
2528	16157
2529	15394
2530	14400
2531	13242
2532	12000
2533	10758
2534	9600
2535	8606
2536	7843
2537	7364
2538	7200
2539	7364
2540	7843
2541	8606
2542	9600
2543	10758
2544	12000
2545	13242
2546	14400
2547	15394
2548	16157
2549	16636
2550	16800
2551	16636
2552	16157
2553	15394
2554	14400
2555	13242
2556	12000
2557	10758
2558	9600
2559	8606
2560	7843
2561	7364
2562	7200
2563	7364
2564	7843
2565	8606
2566	9600
2567	10758
2568	12000
2569	13242
2570	14400
2571	15394
2572	16157
2573	16636
2574	16800
2575	16636
2576	16157
2577	15394
2578	14400
2579	13242
2580	12000
2581	10758
2582	9600
2583	8606
2584	7843
2585	7364
2586	7200
2587	7364
2588	7843
2589	8606
2590	9600
2591	10758
2592	12000
2593	13242
2594	14400
2595	15394
2596	16157
2597	16636
2598	16800
2599	16636
2600	16157
2601	15394
2602	14400
2603	13242
2604	12000
2605	10758
2606	9600
2607	8606
2608	7843
2609	7364
2610	7200
2611	7364
2612	7843
2613	8606
2614	9600
2615	10758
2616	12000
2617	13242
2618	14400
2619	15394
2620	16157
2621	16636
2622	16800
2623	16636
2624	16157
2625	15394
2626	14400
2627	13242
2628	12000
2629	10758
2630	9600
2631	8606
2632	7843
2633	7364
2634	7200
2635	7364
2636	7843
2637	8606
2638	9600
2639	10758
2640	12000
2641	13242
2642	14400
2643	15394
2644	16157
2645	16636
2646	16800
2647	16636
2648	16157
2649	15394
2650	14400
2651	13242
2652	12000
2653	10758
2654	9600
2655	8606
2656	7843
2657	7364
2658	7200
2659	7364
2660	7843
2661	8606
2662	9600
2663	10758
2664	12000
2665	13242
2666	14400
2667	15394
2668	16157
2669	16636
2670	16800
2671	16636
2672	16157
2673	15394
2674	14400
2675	13242
2676	12000
2677	10758
2678	9600
2679	8606
2680	7843
2681	7364
2682	7200
2683	7364
2684	7843
2685	8606
2686	9600
2687	10758
2688	12000
2689	13242
2690	14400
2691	15394
2692	16157
2693	16636
2694	16800
2695	16636
2696	16157
2697	15394
2698	14400
2699	13242
2700	12000
2701	10758
2702	9600
2703	8606
2704	7843
2705	7364
2706	7200
2707	7364
2708	7843
2709	8606
2710	9600
2711	10758
2712	12000
2713	13242
2714	14400
2715	15394
2716	16157
2717	16636
2718	16800
2719	16636
2720	16157
2721	15394
2722	14400
2723	13242
2724	12000
2725	10758
2726	9600
2727	8606
2728	7843
2729	7364
2730	7200
2731	7364
2732	7843
2733	8606
2734	9600
2735	10758
2736	12000
2737	13242
2738	14400
2739	15394
2740	16157
2741	16636
2742	16800
2743	16636
2744	16157
2745	15394
2746	14400
2747	13242
2748	12000
2749	10758
2750	9600
2751	8606
2752	7843
2753	7364
2754	7200
2755	7364
2756	7843
2757	8606
2758	9600
2759	10758
2760	12000
2761	13242
2762	14400
2763	15394
2764	16157
2765	16636
2766	16800
2767	16636
2768	16157
2769	15394
2770	14400
2771	13242
2772	12000
2773	10758
2774	9600
2775	8606
2776	7843
2777	7364
2778	7200
2779	7364
2780	7843
2781	8606
2782	9600
2783	10758
2784	12000
2785	13242
2786	14400
2787	15394
2788	16157
2789	16636
2790	16800
2791	16636
2792	16157
2793	15394
2794	14400
2795	13242
2796	12000
2797	10758
2798	9600
2799	8606
2800	7843
2801	7364
2802	7200
2803	7364
2804	7843
2805	8606
2806	9600
2807	10758
2808	12000
2809	13242
2810	14400
2811	15394
2812	16157
2813	16636
2814	16800
2815	16636
2816	16157
2817	15394
2818	14400
2819	13242
2820	12000
2821	10758
2822	9600
2823	8606
2824	7843
2825	7364
2826	7200
2827	7364
2828	7843
2829	8606
2830	9600
2831	10758
2832	12000
2833	13242
2834	14400
2835	15394
2836	16157
2837	16636
2838	16800
2839	16636
2840	16157
2841	15394
2842	14400
2843	13242
2844	12000
2845	10758
2846	9600
2847	8606
2848	7843
2849	7364
2850	7200
2851	7364
2852	7843
2853	8606
2854	9600
2855	10758
2856	12000
2857	13242
2858	14400
2859	15394
2860	16157
2861	16636
2862	16800
2863	16636
2864	16157
2865	15394
2866	14400
2867	13242
2868	12000
2869	10758
2870	9600
2871	8606
2872	7843
2873	7364
2874	7200
2875	7364
2876	7843
2877	8606
2878	9600
2879	10758
2880	12000
2881	13242
2882	14400
2883	15394
2884	16157
2885	16636
2886	16800
2887	16636
2888	16157
2889	15394
2890	14400
2891	13242
2892	12000
2893	10758
2894	9600
2895	8606
2896	7843
2897	7364
2898	7200
2899	7364
2900	7843
2901	8606
2902	9600
2903	10758
2904	12000
2905	13242
2906	14400
2907	15394
2908	16157
2909	16636
2910	16800
2911	16636
2912	16157
2913	15394
2914	14400
2915	13242
2916	12000
2917	10758
2918	9600
2919	8606
2920	7843
2921	7364
2922	7200
2923	7364
2924	7843
2925	8606
2926	9600
2927	10758
2928	12000
2929	13242
2930	14400
2931	15394
2932	16157
2933	16636
2934	16800
2935	16636
2936	16157
2937	15394
2938	14400
2939	13242
2940	12000
2941	10758
2942	9600
2943	8606
2944	7843
2945	7364
2946	7200
2947	7364
2948	7843
2949	8606
2950	9600
2951	10758
2952	12000
2953	13242
2954	14400
2955	15394
2956	16157
2957	16636
2958	16800
2959	16636
2960	16157
2961	15394
2962	14400
2963	13242
2964	12000
2965	10758
2966	9600
2967	8606
2968	7843
2969	7364
2970	7200
2971	7364
2972	7843
2973	8606
2974	9600
2975	10758
2976	12000
2977	13242
2978	14400
2979	15394
2980	16157
2981	16636
2982	16800
2983	16636
2984	16157
2985	15394
2986	14400
2987	13242
2988	12000
2989	10758
2990	9600
2991	8606
2992	7843
2993	7364
2994	7200
2995	7364
2996	7843
2997	8606
2998	9600
2999	10758
3000	12000
3001	13242
3002	14400
3003	15394
3004	16157
3005	16636
3006	16800
3007	16636
3008	16157
3009	15394
3010	14400
3011	13242
3012	12000
3013	10758
3014	9600
3015	8606
3016	7843
3017	7364
3018	7200
3019	7364
3020	7843
3021	8606
3022	9600
3023	10758
3024	12000
3025	13242
3026	14400
3027	15394
3028	16157
3029	16636
3030	16800
3031	16636
3032	16157
3033	15394
3034	14400
3035	13242
3036	12000
3037	10758
3038	9600
3039	8606
3040	7843
3041	7364
3042	7200
3043	7364
3044	7843
3045	8606
3046	9600
3047	10758
3048	12000
3049	13242
3050	14400
3051	15394
3052	16157
3053	16636
3054	16800
3055	16636
3056	16157
3057	15394
3058	14400
3059	13242
3060	12000
3061	10758
3062	9600
3063	8606
3064	7843
3065	7364
3066	7200
3067	7364
3068	7843
3069	8606
3070	9600
3071	10758
3072	12000
3073	13242
3074	14400
3075	15394
3076	16157
3077	16636
3078	16800
3079	16636
3080	16157
3081	15394
3082	14400
3083	13242
3084	12000
3085	10758
3086	9600
3087	8606
3088	7843
3089	7364
3090	7200
3091	7364
3092	7843
3093	8606
3094	9600
3095	10758
3096	12000
3097	13242
3098	14400
3099	15394
3100	16157
3101	16636
3102	16800
3103	16636
3104	16157
3105	15394
3106	14400
3107	13242
3108	12000
3109	10758
3110	9600
3111	8606
3112	7843
3113	7364
3114	7200
3115	7364
3116	7843
3117	8606
3118	9600
3119	10758
3120	12000
3121	13242
3122	14400
3123	15394
3124	16157
3125	16636
3126	16800
3127	16636
3128	16157
3129	15394
3130	14400
3131	13242
3132	12000
3133	10758
3134	9600
3135	8606
3136	7843
3137	7364
3138	7200
3139	7364
3140	7843
3141	8606
3142	9600
3143	10758
3144	12000
3145	13242
3146	14400
3147	15394
3148	16157
3149	16636
3150	16800
3151	16636
3152	16157
3153	15394
3154	14400
3155	13242
3156	12000
3157	10758
3158	9600
3159	8606
3160	7843
3161	7364
3162	7200
3163	7364
3164	7843
3165	8606
3166	9600
3167	10758
3168	12000
3169	13242
3170	14400
3171	15394
3172	16157
3173	16636
3174	16800
3175	16636
3176	16157
3177	15394
3178	14400
3179	13242
3180	12000
3181	10758
3182	9600
3183	8606
3184	7843
3185	7364
3186	7200
3187	7364
3188	7843
3189	8606
3190	9600
3191	10758
3192	12000
3193	13242
3194	14400
3195	15394
3196	16157
3197	16636
3198	16800
3199	16636
3200	16157
3201	15394
3202	14400
3203	13242
3204	12000
3205	10758
3206	9600
3207	8606
3208	7843
3209	7364
3210	7200
3211	7364
3212	7843
3213	8606
3214	9600
3215	10758
3216	12000
3217	13242
3218	14400
3219	15394
3220	16157
3221	16636
3222	16800
3223	16636
3224	16157
3225	15394
3226	14400
3227	13242
3228	12000
3229	10758
3230	9600
3231	8606
3232	7843
3233	7364
3234	7200
3235	7364
3236	7843
3237	8606
3238	9600
3239	10758
3240	12000
3241	13242
3242	14400
3243	15394
3244	16157
3245	16636
3246	16800
3247	16636
3248	16157
3249	15394
3250	14400
3251	13242
3252	12000
3253	10758
3254	9600
3255	8606
3256	7843
3257	7364
3258	7200
3259	7364
3260	7843
3261	8606
3262	9600
3263	10758
3264	12000
3265	13242
3266	14400
3267	15394
3268	16157
3269	16636
3270	16800
3271	16636
3272	16157
3273	15394
3274	14400
3275	13242
3276	12000
3277	10758
3278	9600
3279	8606
3280	7843
3281	7364
3282	7200
3283	7364
3284	7843
3285	8606
3286	9600
3287	10758
3288	12000
3289	13242
3290	14400
3291	15394
3292	16157
3293	16636
3294	16800
3295	16636
3296	16157
3297	15394
3298	14400
3299	13242
3300	12000
3301	10758
3302	9600
3303	8606
3304	7843
3305	7364
3306	7200
3307	7364
3308	7843
3309	8606
3310	9600
3311	10758
3312	12000
3313	13242
3314	14400
3315	15394
3316	16157
3317	16636
3318	16800
3319	16636
3320	16157
3321	15394
3322	14400
3323	13242
3324	12000
3325	10758
3326	9600
3327	8606
3328	7843
3329	7364
3330	7200
3331	7364
3332	7843
3333	8606
3334	9600
3335	10758
3336	12000
3337	13242
3338	14400
3339	15394
3340	16157
3341	16636
3342	16800
3343	16636
3344	16157
3345	15394
3346	14400
3347	13242
3348	12000
3349	10758
3350	9600
3351	8606
3352	7843
3353	7364
3354	7200
3355	7364
3356	7843
3357	8606
3358	9600
3359	10758
3360	12000
3361	13242
3362	14400
3363	15394
3364	16157
3365	16636
3366	16800
3367	16636
3368	16157
3369	15394
3370	14400
3371	13242
3372	12000
3373	10758
3374	9600
3375	8606
3376	7843
3377	7364
3378	7200
3379	7364
3380	7843
3381	8606
3382	9600
3383	10758
3384	12000
3385	13242
3386	14400
3387	15394
3388	16157
3389	16636
3390	16800
3391	16636
3392	16157
3393	15394
3394	14400
3395	13242
3396	12000
3397	10758
3398	9600
3399	8606
3400	7843
3401	7364
3402	7200
3403	7364
3404	7843
3405	8606
3406	9600
3407	10758
3408	12000
3409	13242
3410	14400
3411	15394
3412	16157
3413	16636
3414	16800
3415	16636
3416	16157
3417	15394
3418	14400
3419	13242
3420	12000
3421	10758
3422	9600
3423	8606
3424	7843
3425	7364
3426	7200
3427	7364
3428	7843
3429	8606
3430	9600
3431	10758
3432	12000
3433	13242
3434	14400
3435	15394
3436	16157
3437	16636
3438	16800
3439	16636
3440	16157
3441	15394
3442	14400
3443	13242
3444	12000
3445	10758
3446	9600
3447	8606
3448	7843
3449	7364
3450	7200
3451	7364
3452	7843
3453	8606
3454	9600
3455	10758
3456	12000
3457	13242
3458	14400
3459	15394
3460	16157
3461	16636
3462	16800
3463	16636
3464	16157
3465	15394
3466	14400
3467	13242
3468	12000
3469	10758
3470	9600
3471	8606
3472	7843
3473	7364
3474	7200
3475	7364
3476	7843
3477	8606
3478	9600
3479	10758
3480	12000
3481	13242
3482	14400
3483	15394
3484	16157
3485	16636
3486	16800
3487	16636
3488	16157
3489	15394
3490	14400
3491	13242
3492	12000
3493	10758
3494	9600
3495	8606
3496	7843
3497	7364
3498	7200
3499	7364
3500	7843
3501	8606
3502	9600
3503	10758
3504	12000
3505	13242
3506	14400
3507	15394
3508	16157
3509	16636
3510	16800
3511	16636
3512	16157
3513	15394
3514	14400
3515	13242
3516	12000
3517	10758
3518	9600
3519	8606
3520	7843
3521	7364
3522	7200
3523	7364
3524	7843
3525	8606
3526	9600
3527	10758
3528	12000
3529	13242
3530	14400
3531	15394
3532	16157
3533	16636
3534	16800
3535	16636
3536	16157
3537	15394
3538	14400
3539	13242
3540	12000
3541	10758
3542	9600
3543	8606
3544	7843
3545	7364
3546	7200
3547	7364
3548	7843
3549	8606
3550	9600
3551	10758
3552	12000
3553	13242
3554	14400
3555	15394
3556	16157
3557	16636
3558	16800
3559	16636
3560	16157
3561	15394
3562	14400
3563	13242
3564	12000
3565	10758
3566	9600
3567	8606
3568	7843
3569	7364
3570	7200
3571	7364
3572	7843
3573	8606
3574	9600
3575	10758
3576	12000
3577	13242
3578	14400
3579	15394
3580	16157
3581	16636
3582	16800
3583	16636
3584	16157
3585	15394
3586	14400
3587	13242
3588	12000
3589	10758
3590	9600
3591	8606
3592	7843
3593	7364
3594	7200
3595	7364
3596	7843
3597	8606
3598	9600
3599	10758
3600	12000
3601	13242
3602	14400
3603	15394
3604	16157
3605	16636
3606	16800
3607	16636
3608	16157
3609	15394
3610	14400
3611	13242
3612	12000
3613	10758
3614	9600
3615	8606
3616	7843
3617	7364
3618	7200
3619	7364
3620	7843
3621	8606
3622	9600
3623	10758
3624	12000
3625	13242
3626	14400
3627	15394
3628	16157
3629	16636
3630	16800
3631	16636
3632	16157
3633	15394
3634	14400
3635	13242
3636	12000
3637	10758
3638	9600
3639	8606
3640	7843
3641	7364
3642	7200
3643	7364
3644	7843
3645	8606
3646	9600
3647	10758
3648	12000
3649	13242
3650	14400
3651	15394
3652	16157
3653	16636
3654	16800
3655	16636
3656	16157
3657	15394
3658	14400
3659	13242
3660	12000
3661	10758
3662	9600
3663	8606
3664	7843
3665	7364
3666	7200
3667	7364
3668	7843
3669	8606
3670	9600
3671	10758
3672	12000
3673	13242
3674	14400
3675	15394
3676	16157
3677	16636
3678	16800
3679	16636
3680	16157
3681	15394
3682	14400
3683	13242
3684	12000
3685	10758
3686	9600
3687	8606
3688	7843
3689	7364
3690	7200
3691	7364
3692	7843
3693	8606
3694	9600
3695	10758
3696	12000
3697	13242
3698	14400
3699	15394
3700	16157
3701	16636
3702	16800
3703	16636
3704	16157
3705	15394
3706	14400
3707	13242
3708	12000
3709	10758
3710	9600
3711	8606
3712	7843
3713	7364
3714	7200
3715	7364
3716	7843
3717	8606
3718	9600
3719	10758
3720	12000
3721	13242
3722	14400
3723	15394
3724	16157
3725	16636
3726	16800
3727	16636
3728	16157
3729	15394
3730	14400
3731	13242
3732	12000
3733	10758
3734	9600
3735	8606
3736	7843
3737	7364
3738	7200
3739	7364
3740	7843
3741	8606
3742	9600
3743	10758
3744	12000
3745	13242
3746	14400
3747	15394
3748	16157
3749	16636
3750	16800
3751	16636
3752	16157
3753	15394
3754	14400
3755	13242
3756	12000
3757	10758
3758	9600
3759	8606
3760	7843
3761	7364
3762	7200
3763	7364
3764	7843
3765	8606
3766	9600
3767	10758
3768	12000
3769	13242
3770	14400
3771	15394
3772	16157
3773	16636
3774	16800
3775	16636
3776	16157
3777	15394
3778	14400
3779	13242
3780	12000
3781	10758
3782	9600
3783	8606
3784	7843
3785	7364
3786	7200
3787	7364
3788	7843
3789	8606
3790	9600
3791	10758
3792	12000
3793	13242
3794	14400
3795	15394
3796	16157
3797	16636
3798	16800
3799	16636
3800	16157
3801	15394
3802	14400
3803	13242
3804	12000
3805	10758
3806	9600
3807	8606
3808	7843
3809	7364
3810	7200
3811	7364
3812	7843
3813	8606
3814	9600
3815	10758
3816	12000
3817	13242
3818	14400
3819	15394
3820	16157
3821	16636
3822	16800
3823	16636
3824	16157
3825	15394
3826	14400
3827	13242
3828	12000
3829	10758
3830	9600
3831	8606
3832	7843
3833	7364
3834	7200
3835	7364
3836	7843
3837	8606
3838	9600
3839	10758
3840	12000
3841	13242
3842	14400
3843	15394
3844	16157
3845	16636
3846	16800
3847	16636
3848	16157
3849	15394
3850	14400
3851	13242
3852	12000
3853	10758
3854	9600
3855	8606
3856	7843
3857	7364
3858	7200
3859	7364
3860	7843
3861	8606
3862	9600
3863	10758
3864	12000
3865	13242
3866	14400
3867	15394
3868	16157
3869	16636
3870	16800
3871	16636
3872	16157
3873	15394
3874	14400
3875	13242
3876	12000
3877	10758
3878	9600
3879	8606
3880	7843
3881	7364
3882	7200
3883	7364
3884	7843
3885	8606
3886	9600
3887	10758
3888	12000
3889	13242
3890	14400
3891	15394
3892	16157
3893	16636
3894	16800
3895	16636
3896	16157
3897	15394
3898	14400
3899	13242
3900	12000
3901	10758
3902	9600
3903	8606
3904	7843
3905	7364
3906	7200
3907	7364
3908	7843
3909	8606
3910	9600
3911	10758
3912	12000
3913	13242
3914	14400
3915	15394
3916	16157
3917	16636
3918	16800
3919	16636
3920	16157
3921	15394
3922	14400
3923	13242
3924	12000
3925	10758
3926	9600
3927	8606
3928	7843
3929	7364
3930	7200
3931	7364
3932	7843
3933	8606
3934	9600
3935	10758
3936	12000
3937	13242
3938	14400
3939	15394
3940	16157
3941	16636
3942	16800
3943	16636
3944	16157
3945	15394
3946	14400
3947	13242
3948	12000
3949	10758
3950	9600
3951	8606
3952	7843
3953	7364
3954	7200
3955	7364
3956	7843
3957	8606
3958	9600
3959	10758
3960	12000
3961	13242
3962	14400
3963	15394
3964	16157
3965	16636
3966	16800
3967	16636
3968	16157
3969	15394
3970	14400
3971	13242
3972	12000
3973	10758
3974	9600
3975	8606
3976	7843
3977	7364
3978	7200
3979	7364
3980	7843
3981	8606
3982	9600
3983	10758
3984	12000
3985	13242
3986	14400
3987	15394
3988	16157
3989	16636
3990	16800
3991	16636
3992	16157
3993	15394
3994	14400
3995	13242
3996	12000
3997	10758
3998	9600
3999	8606
4000	7843
4001	7364
4002	7200
4003	7364
4004	7843
4005	8606
4006	9600
4007	10758
4008	12000
4009	13242
4010	14400
4011	15394
4012	16157
4013	16636
4014	16800
4015	16636
4016	16157
4017	15394
4018	14400
4019	13242
4020	12000
4021	10758
4022	9600
4023	8606
4024	7843
4025	7364
4026	7200
4027	7364
4028	7843
4029	8606
4030	9600
4031	10758
4032	12000
4033	13242
4034	14400
4035	15394
4036	16157
4037	16636
4038	16800
4039	16636
4040	16157
4041	15394
4042	14400
4043	13242
4044	12000
4045	10758
4046	9600
4047	8606
4048	7843
4049	7364
4050	7200
4051	7364
4052	7843
4053	8606
4054	9600
4055	10758
4056	12000
4057	13242
4058	14400
4059	15394
4060	16157
4061	16636
4062	16800
4063	16636
4064	16157
4065	15394
4066	14400
4067	13242
4068	12000
4069	10758
4070	9600
4071	8606
4072	7843
4073	7364
4074	7200
4075	7364
4076	7843
4077	8606
4078	9600
4079	10758
4080	12000
4081	13242
4082	14400
4083	15394
4084	16157
4085	16636
4086	16800
4087	16636
4088	16157
4089	15394
4090	14400
4091	13242
4092	12000
4093	10758
4094	9600
4095	8606
4096	7843
4097	7364
4098	7200
4099	7364
4100	7843
4101	8606
4102	9600
4103	10758
4104	12000
4105	13242
4106	14400
4107	15394
4108	16157
4109	16636
4110	16800
4111	16636
4112	16157
4113	15394
4114	14400
4115	13242
4116	12000
4117	10758
4118	9600
4119	8606
4120	7843
4121	7364
4122	7200
4123	7364
4124	7843
4125	8606
4126	9600
4127	10758
4128	12000
4129	13242
4130	14400
4131	15394
4132	16157
4133	16636
4134	16800
4135	16636
4136	16157
4137	15394
4138	14400
4139	13242
4140	12000
4141	10758
4142	9600
4143	8606
4144	7843
4145	7364
4146	7200
4147	7364
4148	7843
4149	8606
4150	9600
4151	10758
4152	12000
4153	13242
4154	14400
4155	15394
4156	16157
4157	16636
4158	16800
4159	16636
4160	16157
4161	15394
4162	14400
4163	13242
4164	12000
4165	10758
4166	9600
4167	8606
4168	7843
4169	7364
4170	7200
4171	7364
4172	7843
4173	8606
4174	9600
4175	10758
4176	12000
4177	13242
4178	14400
4179	15394
4180	16157
4181	16636
4182	16800
4183	16636
4184	16157
4185	15394
4186	14400
4187	13242
4188	12000
4189	10758
4190	9600
4191	8606
4192	7843
4193	7364
4194	7200
4195	7364
4196	7843
4197	8606
4198	9600
4199	10758
4200	12000
4201	13242
4202	14400
4203	15394
4204	16157
4205	16636
4206	16800
4207	16636
4208	16157
4209	15394
4210	14400
4211	13242
4212	12000
4213	10758
4214	9600
4215	8606
4216	7843
4217	7364
4218	7200
4219	7364
4220	7843
4221	8606
4222	9600
4223	10758
4224	12000
4225	13242
4226	14400
4227	15394
4228	16157
4229	16636
4230	16800
4231	16636
4232	16157
4233	15394
4234	14400
4235	13242
4236	12000
4237	10758
4238	9600
4239	8606
4240	7843
4241	7364
4242	7200
4243	7364
4244	7843
4245	8606
4246	9600
4247	10758
4248	12000
4249	13242
4250	14400
4251	15394
4252	16157
4253	16636
4254	16800
4255	16636
4256	16157
4257	15394
4258	14400
4259	13242
4260	12000
4261	10758
4262	9600
4263	8606
4264	7843
4265	7364
4266	7200
4267	7364
4268	7843
4269	8606
4270	9600
4271	10758
4272	12000
4273	13242
4274	14400
4275	15394
4276	16157
4277	16636
4278	16800
4279	16636
4280	16157
4281	15394
4282	14400
4283	13242
4284	12000
4285	10758
4286	9600
4287	8606
4288	7843
4289	7364
4290	7200
4291	7364
4292	7843
4293	8606
4294	9600
4295	10758
4296	12000
4297	13242
4298	14400
4299	15394
4300	16157
4301	16636
4302	16800
4303	16636
4304	16157
4305	15394
4306	14400
4307	13242
4308	12000
4309	10758
4310	9600
4311	8606
4312	7843
4313	7364
4314	7200
4315	7364
4316	7843
4317	8606
4318	9600
4319	10758
4320	12000
4321	13242
4322	14400
4323	15394
4324	16157
4325	16636
4326	16800
4327	16636
4328	16157
4329	15394
4330	14400
4331	13242
4332	12000
4333	10758
4334	9600
4335	8606
4336	7843
4337	7364
4338	7200
4339	7364
4340	7843
4341	8606
4342	9600
4343	10758
4344	12000
4345	13242
4346	14400
4347	15394
4348	16157
4349	16636
4350	16800
4351	16636
4352	16157
4353	15394
4354	14400
4355	13242
4356	12000
4357	10758
4358	9600
4359	8606
4360	7843
4361	7364
4362	7200
4363	7364
4364	7843
4365	8606
4366	9600
4367	10758
4368	12000
4369	13242
4370	14400
4371	15394
4372	16157
4373	16636
4374	16800
4375	16636
4376	16157
4377	15394
4378	14400
4379	13242
4380	12000
4381	10758
4382	9600
4383	8606
4384	7843
4385	7364
4386	7200
4387	7364
4388	7843
4389	8606
4390	9600
4391	10758
4392	12000
4393	13242
4394	14400
4395	15394
4396	16157
4397	16636
4398	16800
4399	16636
4400	16157
4401	15394
4402	14400
4403	13242
4404	12000
4405	10758
4406	9600
4407	8606
4408	7843
4409	7364
4410	7200
4411	7364
4412	7843
4413	8606
4414	9600
4415	10758
4416	12000
4417	13242
4418	14400
4419	15394
4420	16157
4421	16636
4422	16800
4423	16636
4424	16157
4425	15394
4426	14400
4427	13242
4428	12000
4429	10758
4430	9600
4431	8606
4432	7843
4433	7364
4434	7200
4435	7364
4436	7843
4437	8606
4438	9600
4439	10758
4440	12000
4441	13242
4442	14400
4443	15394
4444	16157
4445	16636
4446	16800
4447	16636
4448	16157
4449	15394
4450	14400
4451	13242
4452	12000
4453	10758
4454	9600
4455	8606
4456	7843
4457	7364
4458	7200
4459	7364
4460	7843
4461	8606
4462	9600
4463	10758
4464	12000
4465	13242
4466	14400
4467	15394
4468	16157
4469	16636
4470	16800
4471	16636
4472	16157
4473	15394
4474	14400
4475	13242
4476	12000
4477	10758
4478	9600
4479	8606
4480	7843
4481	7364
4482	7200
4483	7364
4484	7843
4485	8606
4486	9600
4487	10758
4488	12000
4489	13242
4490	14400
4491	15394
4492	16157
4493	16636
4494	16800
4495	16636
4496	16157
4497	15394
4498	14400
4499	13242
4500	12000
4501	10758
4502	9600
4503	8606
4504	7843
4505	7364
4506	7200
4507	7364
4508	7843
4509	8606
4510	9600
4511	10758
4512	12000
4513	13242
4514	14400
4515	15394
4516	16157
4517	16636
4518	16800
4519	16636
4520	16157
4521	15394
4522	14400
4523	13242
4524	12000
4525	10758
4526	9600
4527	8606
4528	7843
4529	7364
4530	7200
4531	7364
4532	7843
4533	8606
4534	9600
4535	10758
4536	12000
4537	13242
4538	14400
4539	15394
4540	16157
4541	16636
4542	16800
4543	16636
4544	16157
4545	15394
4546	14400
4547	13242
4548	12000
4549	10758
4550	9600
4551	8606
4552	7843
4553	7364
4554	7200
4555	7364
4556	7843
4557	8606
4558	9600
4559	10758
4560	12000
4561	13242
4562	14400
4563	15394
4564	16157
4565	16636
4566	16800
4567	16636
4568	16157
4569	15394
4570	14400
4571	13242
4572	12000
4573	10758
4574	9600
4575	8606
4576	7843
4577	7364
4578	7200
4579	7364
4580	7843
4581	8606
4582	9600
4583	10758
4584	12000
4585	13242
4586	14400
4587	15394
4588	16157
4589	16636
4590	16800
4591	16636
4592	16157
4593	15394
4594	14400
4595	13242
4596	12000
4597	10758
4598	9600
4599	8606
4600	7843
4601	7364
4602	7200
4603	7364
4604	7843
4605	8606
4606	9600
4607	10758
4608	12000
4609	13242
4610	14400
4611	15394
4612	16157
4613	16636
4614	16800
4615	16636
4616	16157
4617	15394
4618	14400
4619	13242
4620	12000
4621	10758
4622	9600
4623	8606
4624	7843
4625	7364
4626	7200
4627	7364
4628	7843
4629	8606
4630	9600
4631	10758
4632	12000
4633	13242
4634	14400
4635	15394
4636	16157
4637	16636
4638	16800
4639	16636
4640	16157
4641	15394
4642	14400
4643	13242
4644	12000
4645	10758
4646	9600
4647	8606
4648	7843
4649	7364
4650	7200
4651	7364
4652	7843
4653	8606
4654	9600
4655	10758
4656	12000
4657	13242
4658	14400
4659	15394
4660	16157
4661	16636
4662	16800
4663	16636
4664	16157
4665	15394
4666	14400
4667	13242
4668	12000
4669	10758
4670	9600
4671	8606
4672	7843
4673	7364
4674	7200
4675	7364
4676	7843
4677	8606
4678	9600
4679	10758
4680	12000
4681	13242
4682	14400
4683	15394
4684	16157
4685	16636
4686	16800
4687	16636
4688	16157
4689	15394
4690	14400
4691	13242
4692	12000
4693	10758
4694	9600
4695	8606
4696	7843
4697	7364
4698	7200
4699	7364
4700	7843
4701	8606
4702	9600
4703	10758
4704	12000
4705	13242
4706	14400
4707	15394
4708	16157
4709	16636
4710	16800
4711	16636
4712	16157
4713	15394
4714	14400
4715	13242
4716	12000
4717	10758
4718	9600
4719	8606
4720	7843
4721	7364
4722	7200
4723	7364
4724	7843
4725	8606
4726	9600
4727	10758
4728	12000
4729	13242
4730	14400
4731	15394
4732	16157
4733	16636
4734	16800
4735	16636
4736	16157
4737	15394
4738	14400
4739	13242
4740	12000
4741	10758
4742	9600
4743	8606
4744	7843
4745	7364
4746	7200
4747	7364
4748	7843
4749	8606
4750	9600
4751	10758
4752	12000
4753	13242
4754	14400
4755	15394
4756	16157
4757	16636
4758	16800
4759	16636
4760	16157
4761	15394
4762	14400
4763	13242
4764	12000
4765	10758
4766	9600
4767	8606
4768	7843
4769	7364
4770	7200
4771	7364
4772	7843
4773	8606
4774	9600
4775	10758
4776	12000
4777	13242
4778	14400
4779	15394
4780	16157
4781	16636
4782	16800
4783	16636
4784	16157
4785	15394
4786	14400
4787	13242
4788	12000
4789	10758
4790	9600
4791	8606
4792	7843
4793	7364
4794	7200
4795	7364
4796	7843
4797	8606
4798	9600
4799	10758
4800	12000
4801	13242
4802	14400
4803	15394
4804	16157
4805	16636
4806	16800
4807	16636
4808	16157
4809	15394
4810	14400
4811	13242
4812	12000
4813	10758
4814	9600
4815	8606
4816	7843
4817	7364
4818	7200
4819	7364
4820	7843
4821	8606
4822	9600
4823	10758
4824	12000
4825	13242
4826	14400
4827	15394
4828	16157
4829	16636
4830	16800
4831	16636
4832	16157
4833	15394
4834	14400
4835	13242
4836	12000
4837	10758
4838	9600
4839	8606
4840	7843
4841	7364
4842	7200
4843	7364
4844	7843
4845	8606
4846	9600
4847	10758
4848	12000
4849	13242
4850	14400
4851	15394
4852	16157
4853	16636
4854	16800
4855	16636
4856	16157
4857	15394
4858	14400
4859	13242
4860	12000
4861	10758
4862	9600
4863	8606
4864	7843
4865	7364
4866	7200
4867	7364
4868	7843
4869	8606
4870	9600
4871	10758
4872	12000
4873	13242
4874	14400
4875	15394
4876	16157
4877	16636
4878	16800
4879	16636
4880	16157
4881	15394
4882	14400
4883	13242
4884	12000
4885	10758
4886	9600
4887	8606
4888	7843
4889	7364
4890	7200
4891	7364
4892	7843
4893	8606
4894	9600
4895	10758
4896	12000
4897	13242
4898	14400
4899	15394
4900	16157
4901	16636
4902	16800
4903	16636
4904	16157
4905	15394
4906	14400
4907	13242
4908	12000
4909	10758
4910	9600
4911	8606
4912	7843
4913	7364
4914	7200
4915	7364
4916	7843
4917	8606
4918	9600
4919	10758
4920	12000
4921	13242
4922	14400
4923	15394
4924	16157
4925	16636
4926	16800
4927	16636
4928	16157
4929	15394
4930	14400
4931	13242
4932	12000
4933	10758
4934	9600
4935	8606
4936	7843
4937	7364
4938	7200
4939	7364
4940	7843
4941	8606
4942	9600
4943	10758
4944	12000
4945	13242
4946	14400
4947	15394
4948	16157
4949	16636
4950	16800
4951	16636
4952	16157
4953	15394
4954	14400
4955	13242
4956	12000
4957	10758
4958	9600
4959	8606
4960	7843
4961	7364
4962	7200
4963	7364
4964	7843
4965	8606
4966	9600
4967	10758
4968	12000
4969	13242
4970	14400
4971	15394
4972	16157
4973	16636
4974	16800
4975	16636
4976	16157
4977	15394
4978	14400
4979	13242
4980	12000
4981	10758
4982	9600
4983	8606
4984	7843
4985	7364
4986	7200
4987	7364
4988	7843
4989	8606
4990	9600
4991	10758
4992	12000
4993	13242
4994	14400
4995	15394
4996	16157
4997	16636
4998	16800
4999	16636
5000	16157
5001	15394
5002	14400
5003	13242
5004	12000
5005	10758
5006	9600
5007	8606
5008	7843
5009	7364
5010	7200
5011	7364
5012	7843
5013	8606
5014	9600
5015	10758
5016	12000
5017	13242
5018	14400
5019	15394
5020	16157
5021	16636
5022	16800
5023	16636
5024	16157
5025	15394
5026	14400
5027	13242
5028	12000
5029	10758
5030	9600
5031	8606
5032	7843
5033	7364
5034	7200
5035	7364
5036	7843
5037	8606
5038	9600
5039	10758
5040	12000
5041	13242
5042	14400
5043	15394
5044	16157
5045	16636
5046	16800
5047	16636
5048	16157
5049	15394
5050	14400
5051	13242
5052	12000
5053	10758
5054	9600
5055	8606
5056	7843
5057	7364
5058	7200
5059	7364
5060	7843
5061	8606
5062	9600
5063	10758
5064	12000
5065	13242
5066	14400
5067	15394
5068	16157
5069	16636
5070	16800
5071	16636
5072	16157
5073	15394
5074	14400
5075	13242
5076	12000
5077	10758
5078	9600
5079	8606
5080	7843
5081	7364
5082	7200
5083	7364
5084	7843
5085	8606
5086	9600
5087	10758
5088	12000
5089	13242
5090	14400
5091	15394
5092	16157
5093	16636
5094	16800
5095	16636
5096	16157
5097	15394
5098	14400
5099	13242
5100	12000
5101	10758
5102	9600
5103	8606
5104	7843
5105	7364
5106	7200
5107	7364
5108	7843
5109	8606
5110	9600
5111	10758
5112	12000
5113	13242
5114	14400
5115	15394
5116	16157
5117	16636
5118	16800
5119	16636
5120	16157
5121	15394
5122	14400
5123	13242
5124	12000
5125	10758
5126	9600
5127	8606
5128	7843
5129	7364
5130	7200
5131	7364
5132	7843
5133	8606
5134	9600
5135	10758
5136	12000
5137	13242
5138	14400
5139	15394
5140	16157
5141	16636
5142	16800
5143	16636
5144	16157
5145	15394
5146	14400
5147	13242
5148	12000
5149	10758
5150	9600
5151	8606
5152	7843
5153	7364
5154	7200
5155	7364
5156	7843
5157	8606
5158	9600
5159	10758
5160	12000
5161	13242
5162	14400
5163	15394
5164	16157
5165	16636
5166	16800
5167	16636
5168	16157
5169	15394
5170	14400
5171	13242
5172	12000
5173	10758
5174	9600
5175	8606
5176	7843
5177	7364
5178	7200
5179	7364
5180	7843
5181	8606
5182	9600
5183	10758
5184	12000
5185	13242
5186	14400
5187	15394
5188	16157
5189	16636
5190	16800
5191	16636
5192	16157
5193	15394
5194	14400
5195	13242
5196	12000
5197	10758
5198	9600
5199	8606
5200	7843
5201	7364
5202	7200
5203	7364
5204	7843
5205	8606
5206	9600
5207	10758
5208	12000
5209	13242
5210	14400
5211	15394
5212	16157
5213	16636
5214	16800
5215	16636
5216	16157
5217	15394
5218	14400
5219	13242
5220	12000
5221	10758
5222	9600
5223	8606
5224	7843
5225	7364
5226	7200
5227	7364
5228	7843
5229	8606
5230	9600
5231	10758
5232	12000
5233	13242
5234	14400
5235	15394
5236	16157
5237	16636
5238	16800
5239	16636
5240	16157
5241	15394
5242	14400
5243	13242
5244	12000
5245	10758
5246	9600
5247	8606
5248	7843
5249	7364
5250	7200
5251	7364
5252	7843
5253	8606
5254	9600
5255	10758
5256	12000
5257	13242
5258	14400
5259	15394
5260	16157
5261	16636
5262	16800
5263	16636
5264	16157
5265	15394
5266	14400
5267	13242
5268	12000
5269	10758
5270	9600
5271	8606
5272	7843
5273	7364
5274	7200
5275	7364
5276	7843
5277	8606
5278	9600
5279	10758
5280	12000
5281	13242
5282	14400
5283	15394
5284	16157
5285	16636
5286	16800
5287	16636
5288	16157
5289	15394
5290	14400
5291	13242
5292	12000
5293	10758
5294	9600
5295	8606
5296	7843
5297	7364
5298	7200
5299	7364
5300	7843
5301	8606
5302	9600
5303	10758
5304	12000
5305	13242
5306	14400
5307	15394
5308	16157
5309	16636
5310	16800
5311	16636
5312	16157
5313	15394
5314	14400
5315	13242
5316	12000
5317	10758
5318	9600
5319	8606
5320	7843
5321	7364
5322	7200
5323	7364
5324	7843
5325	8606
5326	9600
5327	10758
5328	12000
5329	13242
5330	14400
5331	15394
5332	16157
5333	16636
5334	16800
5335	16636
5336	16157
5337	15394
5338	14400
5339	13242
5340	12000
5341	10758
5342	9600
5343	8606
5344	7843
5345	7364
5346	7200
5347	7364
5348	7843
5349	8606
5350	9600
5351	10758
5352	12000
5353	13242
5354	14400
5355	15394
5356	16157
5357	16636
5358	16800
5359	16636
5360	16157
5361	15394
5362	14400
5363	13242
5364	12000
5365	10758
5366	9600
5367	8606
5368	7843
5369	7364
5370	7200
5371	7364
5372	7843
5373	8606
5374	9600
5375	10758
5376	12000
5377	13242
5378	14400
5379	15394
5380	16157
5381	16636
5382	16800
5383	16636
5384	16157
5385	15394
5386	14400
5387	13242
5388	12000
5389	10758
5390	9600
5391	8606
5392	7843
5393	7364
5394	7200
5395	7364
5396	7843
5397	8606
5398	9600
5399	10758
5400	12000
5401	13242
5402	14400
5403	15394
5404	16157
5405	16636
5406	16800
5407	16636
5408	16157
5409	15394
5410	14400
5411	13242
5412	12000
5413	10758
5414	9600
5415	8606
5416	7843
5417	7364
5418	7200
5419	7364
5420	7843
5421	8606
5422	9600
5423	10758
5424	12000
5425	13242
5426	14400
5427	15394
5428	16157
5429	16636
5430	16800
5431	16636
5432	16157
5433	15394
5434	14400
5435	13242
5436	12000
5437	10758
5438	9600
5439	8606
5440	7843
5441	7364
5442	7200
5443	7364
5444	7843
5445	8606
5446	9600
5447	10758
5448	12000
5449	13242
5450	14400
5451	15394
5452	16157
5453	16636
5454	16800
5455	16636
5456	16157
5457	15394
5458	14400
5459	13242
5460	12000
5461	10758
5462	9600
5463	8606
5464	7843
5465	7364
5466	7200
5467	7364
5468	7843
5469	8606
5470	9600
5471	10758
5472	12000
5473	13242
5474	14400
5475	15394
5476	16157
5477	16636
5478	16800
5479	16636
5480	16157
5481	15394
5482	14400
5483	13242
5484	12000
5485	10758
5486	9600
5487	8606
5488	7843
5489	7364
5490	7200
5491	7364
5492	7843
5493	8606
5494	9600
5495	10758
5496	12000
5497	13242
5498	14400
5499	15394
5500	16157
5501	16636
5502	16800
5503	16636
5504	16157
5505	15394
5506	14400
5507	13242
5508	12000
5509	10758
5510	9600
5511	8606
5512	7843
5513	7364
5514	7200
5515	7364
5516	7843
5517	8606
5518	9600
5519	10758
5520	12000
5521	13242
5522	14400
5523	15394
5524	16157
5525	16636
5526	16800
5527	16636
5528	16157
5529	15394
5530	14400
5531	13242
5532	12000
5533	10758
5534	9600
5535	8606
5536	7843
5537	7364
5538	7200
5539	7364
5540	7843
5541	8606
5542	9600
5543	10758
5544	12000
5545	13242
5546	14400
5547	15394
5548	16157
5549	16636
5550	16800
5551	16636
5552	16157
5553	15394
5554	14400
5555	13242
5556	12000
5557	10758
5558	9600
5559	8606
5560	7843
5561	7364
5562	7200
5563	7364
5564	7843
5565	8606
5566	9600
5567	10758
5568	12000
5569	13242
5570	14400
5571	15394
5572	16157
5573	16636
5574	16800
5575	16636
5576	16157
5577	15394
5578	14400
5579	13242
5580	12000
5581	10758
5582	9600
5583	8606
5584	7843
5585	7364
5586	7200
5587	7364
5588	7843
5589	8606
5590	9600
5591	10758
5592	12000
5593	13242
5594	14400
5595	15394
5596	16157
5597	16636
5598	16800
5599	16636
5600	16157
5601	15394
5602	14400
5603	13242
5604	12000
5605	10758
5606	9600
5607	8606
5608	7843
5609	7364
5610	7200
5611	7364
5612	7843
5613	8606
5614	9600
5615	10758
5616	12000
5617	13242
5618	14400
5619	15394
5620	16157
5621	16636
5622	16800
5623	16636
5624	16157
5625	15394
5626	14400
5627	13242
5628	12000
5629	10758
5630	9600
5631	8606
5632	7843
5633	7364
5634	7200
5635	7364
5636	7843
5637	8606
5638	9600
5639	10758
5640	12000
5641	13242
5642	14400
5643	15394
5644	16157
5645	16636
5646	16800
5647	16636
5648	16157
5649	15394
5650	14400
5651	13242
5652	12000
5653	10758
5654	9600
5655	8606
5656	7843
5657	7364
5658	7200
5659	7364
5660	7843
5661	8606
5662	9600
5663	10758
5664	12000
5665	13242
5666	14400
5667	15394
5668	16157
5669	16636
5670	16800
5671	16636
5672	16157
5673	15394
5674	14400
5675	13242
5676	12000
5677	10758
5678	9600
5679	8606
5680	7843
5681	7364
5682	7200
5683	7364
5684	7843
5685	8606
5686	9600
5687	10758
5688	12000
5689	13242
5690	14400
5691	15394
5692	16157
5693	16636
5694	16800
5695	16636
5696	16157
5697	15394
5698	14400
5699	13242
5700	12000
5701	10758
5702	9600
5703	8606
5704	7843
5705	7364
5706	7200
5707	7364
5708	7843
5709	8606
5710	9600
5711	10758
5712	12000
5713	13242
5714	14400
5715	15394
5716	16157
5717	16636
5718	16800
5719	16636
5720	16157
5721	15394
5722	14400
5723	13242
5724	12000
5725	10758
5726	9600
5727	8606
5728	7843
5729	7364
5730	7200
5731	7364
5732	7843
5733	8606
5734	9600
5735	10758
5736	12000
5737	13242
5738	14400
5739	15394
5740	16157
5741	16636
5742	16800
5743	16636
5744	16157
5745	15394
5746	14400
5747	13242
5748	12000
5749	10758
5750	9600
5751	8606
5752	7843
5753	7364
5754	7200
5755	7364
5756	7843
5757	8606
5758	9600
5759	10758
5760	12000
5761	13242
5762	14400
5763	15394
5764	16157
5765	16636
5766	16800
5767	16636
5768	16157
5769	15394
5770	14400
5771	13242
5772	12000
5773	10758
5774	9600
5775	8606
5776	7843
5777	7364
5778	7200
5779	7364
5780	7843
5781	8606
5782	9600
5783	10758
5784	12000
5785	13242
5786	14400
5787	15394
5788	16157
5789	16636
5790	16800
5791	16636
5792	16157
5793	15394
5794	14400
5795	13242
5796	12000
5797	10758
5798	9600
5799	8606
5800	7843
5801	7364
5802	7200
5803	7364
5804	7843
5805	8606
5806	9600
5807	10758
5808	12000
5809	13242
5810	14400
5811	15394
5812	16157
5813	16636
5814	16800
5815	16636
5816	16157
5817	15394
5818	14400
5819	13242
5820	12000
5821	10758
5822	9600
5823	8606
5824	7843
5825	7364
5826	7200
5827	7364
5828	7843
5829	8606
5830	9600
5831	10758
5832	12000
5833	13242
5834	14400
5835	15394
5836	16157
5837	16636
5838	16800
5839	16636
5840	16157
5841	15394
5842	14400
5843	13242
5844	12000
5845	10758
5846	9600
5847	8606
5848	7843
5849	7364
5850	7200
5851	7364
5852	7843
5853	8606
5854	9600
5855	10758
5856	12000
5857	13242
5858	14400
5859	15394
5860	16157
5861	16636
5862	16800
5863	16636
5864	16157
5865	15394
5866	14400
5867	13242
5868	12000
5869	10758
5870	9600
5871	8606
5872	7843
5873	7364
5874	7200
5875	7364
5876	7843
5877	8606
5878	9600
5879	10758
5880	12000
5881	13242
5882	14400
5883	15394
5884	16157
5885	16636
5886	16800
5887	16636
5888	16157
5889	15394
5890	14400
5891	13242
5892	12000
5893	10758
5894	9600
5895	8606
5896	7843
5897	7364
5898	7200
5899	7364
5900	7843
5901	8606
5902	9600
5903	10758
5904	12000
5905	13242
5906	14400
5907	15394
5908	16157
5909	16636
5910	16800
5911	16636
5912	16157
5913	15394
5914	14400
5915	13242
5916	12000
5917	10758
5918	9600
5919	8606
5920	7843
5921	7364
5922	7200
5923	7364
5924	7843
5925	8606
5926	9600
5927	10758
5928	12000
5929	13242
5930	14400
5931	15394
5932	16157
5933	16636
5934	16800
5935	16636
5936	16157
5937	15394
5938	14400
5939	13242
5940	12000
5941	10758
5942	9600
5943	8606
5944	7843
5945	7364
5946	7200
5947	7364
5948	7843
5949	8606
5950	9600
5951	10758
5952	12000
5953	13242
5954	14400
5955	15394
5956	16157
5957	16636
5958	16800
5959	16636
5960	16157
5961	15394
5962	14400
5963	13242
5964	12000
5965	10758
5966	9600
5967	8606
5968	7843
5969	7364
5970	7200
5971	7364
5972	7843
5973	8606
5974	9600
5975	10758
5976	12000
5977	13242
5978	14400
5979	15394
5980	16157
5981	16636
5982	16800
5983	16636
5984	16157
5985	15394
5986	14400
5987	13242
5988	12000
5989	10758
5990	9600
5991	8606
5992	7843
5993	7364
5994	7200
5995	7364
5996	7843
5997	8606
5998	9600
5999	10758
6000	12000
6001	13242
6002	14400
6003	15394
6004	16157
6005	16636
6006	16800
6007	16636
6008	16157
6009	15394
6010	14400
6011	13242
6012	12000
6013	10758
6014	9600
6015	8606
6016	7843
6017	7364
6018	7200
6019	7364
6020	7843
6021	8606
6022	9600
6023	10758
6024	12000
6025	13242
6026	14400
6027	15394
6028	16157
6029	16636
6030	16800
6031	16636
6032	16157
6033	15394
6034	14400
6035	13242
6036	12000
6037	10758
6038	9600
6039	8606
6040	7843
6041	7364
6042	7200
6043	7364
6044	7843
6045	8606
6046	9600
6047	10758
6048	12000
6049	13242
6050	14400
6051	15394
6052	16157
6053	16636
6054	16800
6055	16636
6056	16157
6057	15394
6058	14400
6059	13242
6060	12000
6061	10758
6062	9600
6063	8606
6064	7843
6065	7364
6066	7200
6067	7364
6068	7843
6069	8606
6070	9600
6071	10758
6072	12000
6073	13242
6074	14400
6075	15394
6076	16157
6077	16636
6078	16800
6079	16636
6080	16157
6081	15394
6082	14400
6083	13242
6084	12000
6085	10758
6086	9600
6087	8606
6088	7843
6089	7364
6090	7200
6091	7364
6092	7843
6093	8606
6094	9600
6095	10758
6096	12000
6097	13242
6098	14400
6099	15394
6100	16157
6101	16636
6102	16800
6103	16636
6104	16157
6105	15394
6106	14400
6107	13242
6108	12000
6109	10758
6110	9600
6111	8606
6112	7843
6113	7364
6114	7200
6115	7364
6116	7843
6117	8606
6118	9600
6119	10758
6120	12000
6121	13242
6122	14400
6123	15394
6124	16157
6125	16636
6126	16800
6127	16636
6128	16157
6129	15394
6130	14400
6131	13242
6132	12000
6133	10758
6134	9600
6135	8606
6136	7843
6137	7364
6138	7200
6139	7364
6140	7843
6141	8606
6142	9600
6143	10758
6144	12000
6145	13242
6146	14400
6147	15394
6148	16157
6149	16636
6150	16800
6151	16636
6152	16157
6153	15394
6154	14400
6155	13242
6156	12000
6157	10758
6158	9600
6159	8606
6160	7843
6161	7364
6162	7200
6163	7364
6164	7843
6165	8606
6166	9600
6167	10758
6168	12000
6169	13242
6170	14400
6171	15394
6172	16157
6173	16636
6174	16800
6175	16636
6176	16157
6177	15394
6178	14400
6179	13242
6180	12000
6181	10758
6182	9600
6183	8606
6184	7843
6185	7364
6186	7200
6187	7364
6188	7843
6189	8606
6190	9600
6191	10758
6192	12000
6193	13242
6194	14400
6195	15394
6196	16157
6197	16636
6198	16800
6199	16636
6200	16157
6201	15394
6202	14400
6203	13242
6204	12000
6205	10758
6206	9600
6207	8606
6208	7843
6209	7364
6210	7200
6211	7364
6212	7843
6213	8606
6214	9600
6215	10758
6216	12000
6217	13242
6218	14400
6219	15394
6220	16157
6221	16636
6222	16800
6223	16636
6224	16157
6225	15394
6226	14400
6227	13242
6228	12000
6229	10758
6230	9600
6231	8606
6232	7843
6233	7364
6234	7200
6235	7364
6236	7843
6237	8606
6238	9600
6239	10758
6240	12000
6241	13242
6242	14400
6243	15394
6244	16157
6245	16636
6246	16800
6247	16636
6248	16157
6249	15394
6250	14400
6251	13242
6252	12000
6253	10758
6254	9600
6255	8606
6256	7843
6257	7364
6258	7200
6259	7364
6260	7843
6261	8606
6262	9600
6263	10758
6264	12000
6265	13242
6266	14400
6267	15394
6268	16157
6269	16636
6270	16800
6271	16636
6272	16157
6273	15394
6274	14400
6275	13242
6276	12000
6277	10758
6278	9600
6279	8606
6280	7843
6281	7364
6282	7200
6283	7364
6284	7843
6285	8606
6286	9600
6287	10758
6288	12000
6289	13242
6290	14400
6291	15394
6292	16157
6293	16636
6294	16800
6295	16636
6296	16157
6297	15394
6298	14400
6299	13242
6300	12000
6301	10758
6302	9600
6303	8606
6304	7843
6305	7364
6306	7200
6307	7364
6308	7843
6309	8606
6310	9600
6311	10758
6312	12000
6313	13242
6314	14400
6315	15394
6316	16157
6317	16636
6318	16800
6319	16636
6320	16157
6321	15394
6322	14400
6323	13242
6324	12000
6325	10758
6326	9600
6327	8606
6328	7843
6329	7364
6330	7200
6331	7364
6332	7843
6333	8606
6334	9600
6335	10758
6336	12000
6337	13242
6338	14400
6339	15394
6340	16157
6341	16636
6342	16800
6343	16636
6344	16157
6345	15394
6346	14400
6347	13242
6348	12000
6349	10758
6350	9600
6351	8606
6352	7843
6353	7364
6354	7200
6355	7364
6356	7843
6357	8606
6358	9600
6359	10758
6360	12000
6361	13242
6362	14400
6363	15394
6364	16157
6365	16636
6366	16800
6367	16636
6368	16157
6369	15394
6370	14400
6371	13242
6372	12000
6373	10758
6374	9600
6375	8606
6376	7843
6377	7364
6378	7200
6379	7364
6380	7843
6381	8606
6382	9600
6383	10758
6384	12000
6385	13242
6386	14400
6387	15394
6388	16157
6389	16636
6390	16800
6391	16636
6392	16157
6393	15394
6394	14400
6395	13242
6396	12000
6397	10758
6398	9600
6399	8606
6400	7843
6401	7364
6402	7200
6403	7364
6404	7843
6405	8606
6406	9600
6407	10758
6408	12000
6409	13242
6410	14400
6411	15394
6412	16157
6413	16636
6414	16800
6415	16636
6416	16157
6417	15394
6418	14400
6419	13242
6420	12000
6421	10758
6422	9600
6423	8606
6424	7843
6425	7364
6426	7200
6427	7364
6428	7843
6429	8606
6430	9600
6431	10758
6432	12000
6433	13242
6434	14400
6435	15394
6436	16157
6437	16636
6438	16800
6439	16636
6440	16157
6441	15394
6442	14400
6443	13242
6444	12000
6445	10758
6446	9600
6447	8606
6448	7843
6449	7364
6450	7200
6451	7364
6452	7843
6453	8606
6454	9600
6455	10758
6456	12000
6457	13242
6458	14400
6459	15394
6460	16157
6461	16636
6462	16800
6463	16636
6464	16157
6465	15394
6466	14400
6467	13242
6468	12000
6469	10758
6470	9600
6471	8606
6472	7843
6473	7364
6474	7200
6475	7364
6476	7843
6477	8606
6478	9600
6479	10758
6480	12000
6481	13242
6482	14400
6483	15394
6484	16157
6485	16636
6486	16800
6487	16636
6488	16157
6489	15394
6490	14400
6491	13242
6492	12000
6493	10758
6494	9600
6495	8606
6496	7843
6497	7364
6498	7200
6499	7364
6500	7843
6501	8606
6502	9600
6503	10758
6504	12000
6505	13242
6506	14400
6507	15394
6508	16157
6509	16636
6510	16800
6511	16636
6512	16157
6513	15394
6514	14400
6515	13242
6516	12000
6517	10758
6518	9600
6519	8606
6520	7843
6521	7364
6522	7200
6523	7364
6524	7843
6525	8606
6526	9600
6527	10758
6528	12000
6529	13242
6530	14400
6531	15394
6532	16157
6533	16636
6534	16800
6535	16636
6536	16157
6537	15394
6538	14400
6539	13242
6540	12000
6541	10758
6542	9600
6543	8606
6544	7843
6545	7364
6546	7200
6547	7364
6548	7843
6549	8606
6550	9600
6551	10758
6552	12000
6553	13242
6554	14400
6555	15394
6556	16157
6557	16636
6558	16800
6559	16636
6560	16157
6561	15394
6562	14400
6563	13242
6564	12000
6565	10758
6566	9600
6567	8606
6568	7843
6569	7364
6570	7200
6571	7364
6572	7843
6573	8606
6574	9600
6575	10758
6576	12000
6577	13242
6578	14400
6579	15394
6580	16157
6581	16636
6582	16800
6583	16636
6584	16157
6585	15394
6586	14400
6587	13242
6588	12000
6589	10758
6590	9600
6591	8606
6592	7843
6593	7364
6594	7200
6595	7364
6596	7843
6597	8606
6598	9600
6599	10758
6600	12000
6601	13242
6602	14400
6603	15394
6604	16157
6605	16636
6606	16800
6607	16636
6608	16157
6609	15394
6610	14400
6611	13242
6612	12000
6613	10758
6614	9600
6615	8606
6616	7843
6617	7364
6618	7200
6619	7364
6620	7843
6621	8606
6622	9600
6623	10758
6624	12000
6625	13242
6626	14400
6627	15394
6628	16157
6629	16636
6630	16800
6631	16636
6632	16157
6633	15394
6634	14400
6635	13242
6636	12000
6637	10758
6638	9600
6639	8606
6640	7843
6641	7364
6642	7200
6643	7364
6644	7843
6645	8606
6646	9600
6647	10758
6648	12000
6649	13242
6650	14400
6651	15394
6652	16157
6653	16636
6654	16800
6655	16636
6656	16157
6657	15394
6658	14400
6659	13242
6660	12000
6661	10758
6662	9600
6663	8606
6664	7843
6665	7364
6666	7200
6667	7364
6668	7843
6669	8606
6670	9600
6671	10758
6672	12000
6673	13242
6674	14400
6675	15394
6676	16157
6677	16636
6678	16800
6679	16636
6680	16157
6681	15394
6682	14400
6683	13242
6684	12000
6685	10758
6686	9600
6687	8606
6688	7843
6689	7364
6690	7200
6691	7364
6692	7843
6693	8606
6694	9600
6695	10758
6696	12000
6697	13242
6698	14400
6699	15394
6700	16157
6701	16636
6702	16800
6703	16636
6704	16157
6705	15394
6706	14400
6707	13242
6708	12000
6709	10758
6710	9600
6711	8606
6712	7843
6713	7364
6714	7200
6715	7364
6716	7843
6717	8606
6718	9600
6719	10758
6720	12000
6721	13242
6722	14400
6723	15394
6724	16157
6725	16636
6726	16800
6727	16636
6728	16157
6729	15394
6730	14400
6731	13242
6732	12000
6733	10758
6734	9600
6735	8606
6736	7843
6737	7364
6738	7200
6739	7364
6740	7843
6741	8606
6742	9600
6743	10758
6744	12000
6745	13242
6746	14400
6747	15394
6748	16157
6749	16636
6750	16800
6751	16636
6752	16157
6753	15394
6754	14400
6755	13242
6756	12000
6757	10758
6758	9600
6759	8606
6760	7843
6761	7364
6762	7200
6763	7364
6764	7843
6765	8606
6766	9600
6767	10758
6768	12000
6769	13242
6770	14400
6771	15394
6772	16157
6773	16636
6774	16800
6775	16636
6776	16157
6777	15394
6778	14400
6779	13242
6780	12000
6781	10758
6782	9600
6783	8606
6784	7843
6785	7364
6786	7200
6787	7364
6788	7843
6789	8606
6790	9600
6791	10758
6792	12000
6793	13242
6794	14400
6795	15394
6796	16157
6797	16636
6798	16800
6799	16636
6800	16157
6801	15394
6802	14400
6803	13242
6804	12000
6805	10758
6806	9600
6807	8606
6808	7843
6809	7364
6810	7200
6811	7364
6812	7843
6813	8606
6814	9600
6815	10758
6816	12000
6817	13242
6818	14400
6819	15394
6820	16157
6821	16636
6822	16800
6823	16636
6824	16157
6825	15394
6826	14400
6827	13242
6828	12000
6829	10758
6830	9600
6831	8606
6832	7843
6833	7364
6834	7200
6835	7364
6836	7843
6837	8606
6838	9600
6839	10758
6840	12000
6841	13242
6842	14400
6843	15394
6844	16157
6845	16636
6846	16800
6847	16636
6848	16157
6849	15394
6850	14400
6851	13242
6852	12000
6853	10758
6854	9600
6855	8606
6856	7843
6857	7364
6858	7200
6859	7364
6860	7843
6861	8606
6862	9600
6863	10758
6864	12000
6865	13242
6866	14400
6867	15394
6868	16157
6869	16636
6870	16800
6871	16636
6872	16157
6873	15394
6874	14400
6875	13242
6876	12000
6877	10758
6878	9600
6879	8606
6880	7843
6881	7364
6882	7200
6883	7364
6884	7843
6885	8606
6886	9600
6887	10758
6888	12000
6889	13242
6890	14400
6891	15394
6892	16157
6893	16636
6894	16800
6895	16636
6896	16157
6897	15394
6898	14400
6899	13242
6900	12000
6901	10758
6902	9600
6903	8606
6904	7843
6905	7364
6906	7200
6907	7364
6908	7843
6909	8606
6910	9600
6911	10758
6912	12000
6913	13242
6914	14400
6915	15394
6916	16157
6917	16636
6918	16800
6919	16636
6920	16157
6921	15394
6922	14400
6923	13242
6924	12000
6925	10758
6926	9600
6927	8606
6928	7843
6929	7364
6930	7200
6931	7364
6932	7843
6933	8606
6934	9600
6935	10758
6936	12000
6937	13242
6938	14400
6939	15394
6940	16157
6941	16636
6942	16800
6943	16636
6944	16157
6945	15394
6946	14400
6947	13242
6948	12000
6949	10758
6950	9600
6951	8606
6952	7843
6953	7364
6954	7200
6955	7364
6956	7843
6957	8606
6958	9600
6959	10758
6960	12000
6961	13242
6962	14400
6963	15394
6964	16157
6965	16636
6966	16800
6967	16636
6968	16157
6969	15394
6970	14400
6971	13242
6972	12000
6973	10758
6974	9600
6975	8606
6976	7843
6977	7364
6978	7200
6979	7364
6980	7843
6981	8606
6982	9600
6983	10758
6984	12000
6985	13242
6986	14400
6987	15394
6988	16157
6989	16636
6990	16800
6991	16636
6992	16157
6993	15394
6994	14400
6995	13242
6996	12000
6997	10758
6998	9600
6999	8606
7000	7843
7001	7364
7002	7200
7003	7364
7004	7843
7005	8606
7006	9600
7007	10758
7008	12000
7009	13242
7010	14400
7011	15394
7012	16157
7013	16636
7014	16800
7015	16636
7016	16157
7017	15394
7018	14400
7019	13242
7020	12000
7021	10758
7022	9600
7023	8606
7024	7843
7025	7364
7026	7200
7027	7364
7028	7843
7029	8606
7030	9600
7031	10758
7032	12000
7033	13242
7034	14400
7035	15394
7036	16157
7037	16636
7038	16800
7039	16636
7040	16157
7041	15394
7042	14400
7043	13242
7044	12000
7045	10758
7046	9600
7047	8606
7048	7843
7049	7364
7050	7200
7051	7364
7052	7843
7053	8606
7054	9600
7055	10758
7056	12000
7057	13242
7058	14400
7059	15394
7060	16157
7061	16636
7062	16800
7063	16636
7064	16157
7065	15394
7066	14400
7067	13242
7068	12000
7069	10758
7070	9600
7071	8606
7072	7843
7073	7364
7074	7200
7075	7364
7076	7843
7077	8606
7078	9600
7079	10758
7080	12000
7081	13242
7082	14400
7083	15394
7084	16157
7085	16636
7086	16800
7087	16636
7088	16157
7089	15394
7090	14400
7091	13242
7092	12000
7093	10758
7094	9600
7095	8606
7096	7843
7097	7364
7098	7200
7099	7364
7100	7843
7101	8606
7102	9600
7103	10758
7104	12000
7105	13242
7106	14400
7107	15394
7108	16157
7109	16636
7110	16800
7111	16636
7112	16157
7113	15394
7114	14400
7115	13242
7116	12000
7117	10758
7118	9600
7119	8606
7120	7843
7121	7364
7122	7200
7123	7364
7124	7843
7125	8606
7126	9600
7127	10758
7128	12000
7129	13242
7130	14400
7131	15394
7132	16157
7133	16636
7134	16800
7135	16636
7136	16157
7137	15394
7138	14400
7139	13242
7140	12000
7141	10758
7142	9600
7143	8606
7144	7843
7145	7364
7146	7200
7147	7364
7148	7843
7149	8606
7150	9600
7151	10758
7152	12000
7153	13242
7154	14400
7155	15394
7156	16157
7157	16636
7158	16800
7159	16636
7160	16157
7161	15394
7162	14400
7163	13242
7164	12000
7165	10758
7166	9600
7167	8606
7168	7843
7169	7364
7170	7200
7171	7364
7172	7843
7173	8606
7174	9600
7175	10758
7176	12000
7177	13242
7178	14400
7179	15394
7180	16157
7181	16636
7182	16800
7183	16636
7184	16157
7185	15394
7186	14400
7187	13242
7188	12000
7189	10758
7190	9600
7191	8606
7192	7843
7193	7364
7194	7200
7195	7364
7196	7843
7197	8606
7198	9600
7199	10758
7200	12000
7201	13242
7202	14400
7203	15394
7204	16157
7205	16636
7206	16800
7207	16636
7208	16157
7209	15394
7210	14400
7211	13242
7212	12000
7213	10758
7214	9600
7215	8606
7216	7843
7217	7364
7218	7200
7219	7364
7220	7843
7221	8606
7222	9600
7223	10758
7224	12000
7225	13242
7226	14400
7227	15394
7228	16157
7229	16636
7230	16800
7231	16636
7232	16157
7233	15394
7234	14400
7235	13242
7236	12000
7237	10758
7238	9600
7239	8606
7240	7843
7241	7364
7242	7200
7243	7364
7244	7843
7245	8606
7246	9600
7247	10758
7248	12000
7249	13242
7250	14400
7251	15394
7252	16157
7253	16636
7254	16800
7255	16636
7256	16157
7257	15394
7258	14400
7259	13242
7260	12000
7261	10758
7262	9600
7263	8606
7264	7843
7265	7364
7266	7200
7267	7364
7268	7843
7269	8606
7270	9600
7271	10758
7272	12000
7273	13242
7274	14400
7275	15394
7276	16157
7277	16636
7278	16800
7279	16636
7280	16157
7281	15394
7282	14400
7283	13242
7284	12000
7285	10758
7286	9600
7287	8606
7288	7843
7289	7364
7290	7200
7291	7364
7292	7843
7293	8606
7294	9600
7295	10758
7296	12000
7297	13242
7298	14400
7299	15394
7300	16157
7301	16636
7302	16800
7303	16636
7304	16157
7305	15394
7306	14400
7307	13242
7308	12000
7309	10758
7310	9600
7311	8606
7312	7843
7313	7364
7314	7200
7315	7364
7316	7843
7317	8606
7318	9600
7319	10758
7320	12000
7321	13242
7322	14400
7323	15394
7324	16157
7325	16636
7326	16800
7327	16636
7328	16157
7329	15394
7330	14400
7331	13242
7332	12000
7333	10758
7334	9600
7335	8606
7336	7843
7337	7364
7338	7200
7339	7364
7340	7843
7341	8606
7342	9600
7343	10758
7344	12000
7345	13242
7346	14400
7347	15394
7348	16157
7349	16636
7350	16800
7351	16636
7352	16157
7353	15394
7354	14400
7355	13242
7356	12000
7357	10758
7358	9600
7359	8606
7360	7843
7361	7364
7362	7200
7363	7364
7364	7843
7365	8606
7366	9600
7367	10758
7368	12000
7369	13242
7370	14400
7371	15394
7372	16157
7373	16636
7374	16800
7375	16636
7376	16157
7377	15394
7378	14400
7379	13242
7380	12000
7381	10758
7382	9600
7383	8606
7384	7843
7385	7364
7386	7200
7387	7364
7388	7843
7389	8606
7390	9600
7391	10758
7392	12000
7393	13242
7394	14400
7395	15394
7396	16157
7397	16636
7398	16800
7399	16636
7400	16157
7401	15394
7402	14400
7403	13242
7404	12000
7405	10758
7406	9600
7407	8606
7408	7843
7409	7364
7410	7200
7411	7364
7412	7843
7413	8606
7414	9600
7415	10758
7416	12000
7417	13242
7418	14400
7419	15394
7420	16157
7421	16636
7422	16800
7423	16636
7424	16157
7425	15394
7426	14400
7427	13242
7428	12000
7429	10758
7430	9600
7431	8606
7432	7843
7433	7364
7434	7200
7435	7364
7436	7843
7437	8606
7438	9600
7439	10758
7440	12000
7441	13242
7442	14400
7443	15394
7444	16157
7445	16636
7446	16800
7447	16636
7448	16157
7449	15394
7450	14400
7451	13242
7452	12000
7453	10758
7454	9600
7455	8606
7456	7843
7457	7364
7458	7200
7459	7364
7460	7843
7461	8606
7462	9600
7463	10758
7464	12000
7465	13242
7466	14400
7467	15394
7468	16157
7469	16636
7470	16800
7471	16636
7472	16157
7473	15394
7474	14400
7475	13242
7476	12000
7477	10758
7478	9600
7479	8606
7480	7843
7481	7364
7482	7200
7483	7364
7484	7843
7485	8606
7486	9600
7487	10758
7488	12000
7489	13242
7490	14400
7491	15394
7492	16157
7493	16636
7494	16800
7495	16636
7496	16157
7497	15394
7498	14400
7499	13242
7500	12000
7501	10758
7502	9600
7503	8606
7504	7843
7505	7364
7506	7200
7507	7364
7508	7843
7509	8606
7510	9600
7511	10758
7512	12000
7513	13242
7514	14400
7515	15394
7516	16157
7517	16636
7518	16800
7519	16636
7520	16157
7521	15394
7522	14400
7523	13242
7524	12000
7525	10758
7526	9600
7527	8606
7528	7843
7529	7364
7530	7200
7531	7364
7532	7843
7533	8606
7534	9600
7535	10758
7536	12000
7537	13242
7538	14400
7539	15394
7540	16157
7541	16636
7542	16800
7543	16636
7544	16157
7545	15394
7546	14400
7547	13242
7548	12000
7549	10758
7550	9600
7551	8606
7552	7843
7553	7364
7554	7200
7555	7364
7556	7843
7557	8606
7558	9600
7559	10758
7560	12000
7561	13242
7562	14400
7563	15394
7564	16157
7565	16636
7566	16800
7567	16636
7568	16157
7569	15394
7570	14400
7571	13242
7572	12000
7573	10758
7574	9600
7575	8606
7576	7843
7577	7364
7578	7200
7579	7364
7580	7843
7581	8606
7582	9600
7583	10758
7584	12000
7585	13242
7586	14400
7587	15394
7588	16157
7589	16636
7590	16800
7591	16636
7592	16157
7593	15394
7594	14400
7595	13242
7596	12000
7597	10758
7598	9600
7599	8606
7600	7843
7601	7364
7602	7200
7603	7364
7604	7843
7605	8606
7606	9600
7607	10758
7608	12000
7609	13242
7610	14400
7611	15394
7612	16157
7613	16636
7614	16800
7615	16636
7616	16157
7617	15394
7618	14400
7619	13242
7620	12000
7621	10758
7622	9600
7623	8606
7624	7843
7625	7364
7626	7200
7627	7364
7628	7843
7629	8606
7630	9600
7631	10758
7632	12000
7633	13242
7634	14400
7635	15394
7636	16157
7637	16636
7638	16800
7639	16636
7640	16157
7641	15394
7642	14400
7643	13242
7644	12000
7645	10758
7646	9600
7647	8606
7648	7843
7649	7364
7650	7200
7651	7364
7652	7843
7653	8606
7654	9600
7655	10758
7656	12000
7657	13242
7658	14400
7659	15394
7660	16157
7661	16636
7662	16800
7663	16636
7664	16157
7665	15394
7666	14400
7667	13242
7668	12000
7669	10758
7670	9600
7671	8606
7672	7843
7673	7364
7674	7200
7675	7364
7676	7843
7677	8606
7678	9600
7679	10758
7680	12000
7681	13242
7682	14400
7683	15394
7684	16157
7685	16636
7686	16800
7687	16636
7688	16157
7689	15394
7690	14400
7691	13242
7692	12000
7693	10758
7694	9600
7695	8606
7696	7843
7697	7364
7698	7200
7699	7364
7700	7843
7701	8606
7702	9600
7703	10758
7704	12000
7705	13242
7706	14400
7707	15394
7708	16157
7709	16636
7710	16800
7711	16636
7712	16157
7713	15394
7714	14400
7715	13242
7716	12000
7717	10758
7718	9600
7719	8606
7720	7843
7721	7364
7722	7200
7723	7364
7724	7843
7725	8606
7726	9600
7727	10758
7728	12000
7729	13242
7730	14400
7731	15394
7732	16157
7733	16636
7734	16800
7735	16636
7736	16157
7737	15394
7738	14400
7739	13242
7740	12000
7741	10758
7742	9600
7743	8606
7744	7843
7745	7364
7746	7200
7747	7364
7748	7843
7749	8606
7750	9600
7751	10758
7752	12000
7753	13242
7754	14400
7755	15394
7756	16157
7757	16636
7758	16800
7759	16636
7760	16157
7761	15394
7762	14400
7763	13242
7764	12000
7765	10758
7766	9600
7767	8606
7768	7843
7769	7364
7770	7200
7771	7364
7772	7843
7773	8606
7774	9600
7775	10758
7776	12000
7777	13242
7778	14400
7779	15394
7780	16157
7781	16636
7782	16800
7783	16636
7784	16157
7785	15394
7786	14400
7787	13242
7788	12000
7789	10758
7790	9600
7791	8606
7792	7843
7793	7364
7794	7200
7795	7364
7796	7843
7797	8606
7798	9600
7799	10758
7800	12000
7801	13242
7802	14400
7803	15394
7804	16157
7805	16636
7806	16800
7807	16636
7808	16157
7809	15394
7810	14400
7811	13242
7812	12000
7813	10758
7814	9600
7815	8606
7816	7843
7817	7364
7818	7200
7819	7364
7820	7843
7821	8606
7822	9600
7823	10758
7824	12000
7825	13242
7826	14400
7827	15394
7828	16157
7829	16636
7830	16800
7831	16636
7832	16157
7833	15394
7834	14400
7835	13242
7836	12000
7837	10758
7838	9600
7839	8606
7840	7843
7841	7364
7842	7200
7843	7364
7844	7843
7845	8606
7846	9600
7847	10758
7848	12000
7849	13242
7850	14400
7851	15394
7852	16157
7853	16636
7854	16800
7855	16636
7856	16157
7857	15394
7858	14400
7859	13242
7860	12000
7861	10758
7862	9600
7863	8606
7864	7843
7865	7364
7866	7200
7867	7364
7868	7843
7869	8606
7870	9600
7871	10758
7872	12000
7873	13242
7874	14400
7875	15394
7876	16157
7877	16636
7878	16800
7879	16636
7880	16157
7881	15394
7882	14400
7883	13242
7884	12000
7885	10758
7886	9600
7887	8606
7888	7843
7889	7364
7890	7200
7891	7364
7892	7843
7893	8606
7894	9600
7895	10758
7896	12000
7897	13242
7898	14400
7899	15394
7900	16157
7901	16636
7902	16800
7903	16636
7904	16157
7905	15394
7906	14400
7907	13242
7908	12000
7909	10758
7910	9600
7911	8606
7912	7843
7913	7364
7914	7200
7915	7364
7916	7843
7917	8606
7918	9600
7919	10758
7920	12000
7921	13242
7922	14400
7923	15394
7924	16157
7925	16636
7926	16800
7927	16636
7928	16157
7929	15394
7930	14400
7931	13242
7932	12000
7933	10758
7934	9600
7935	8606
7936	7843
7937	7364
7938	7200
7939	7364
7940	7843
7941	8606
7942	9600
7943	10758
7944	12000
7945	13242
7946	14400
7947	15394
7948	16157
7949	16636
7950	16800
7951	16636
7952	16157
7953	15394
7954	14400
7955	13242
7956	12000
7957	10758
7958	9600
7959	8606
7960	7843
7961	7364
7962	7200
7963	7364
7964	7843
7965	8606
7966	9600
7967	10758
7968	12000
7969	13242
7970	14400
7971	15394
7972	16157
7973	16636
7974	16800
7975	16636
7976	16157
7977	15394
7978	14400
7979	13242
7980	12000
7981	10758
7982	9600
7983	8606
7984	7843
7985	7364
7986	7200
7987	7364
7988	7843
7989	8606
7990	9600
7991	10758
7992	12000
7993	13242
7994	14400
7995	15394
7996	16157
7997	16636
7998	16800
7999	16636
8000	16157
8001	15394
8002	14400
8003	13242
8004	12000
8005	10758
8006	9600
8007	8606
8008	7843
8009	7364
8010	7200
8011	7364
8012	7843
8013	8606
8014	9600
8015	10758
8016	12000
8017	13242
8018	14400
8019	15394
8020	16157
8021	16636
8022	16800
8023	16636
8024	16157
8025	15394
8026	14400
8027	13242
8028	12000
8029	10758
8030	9600
8031	8606
8032	7843
8033	7364
8034	7200
8035	7364
8036	7843
8037	8606
8038	9600
8039	10758
8040	12000
8041	13242
8042	14400
8043	15394
8044	16157
8045	16636
8046	16800
8047	16636
8048	16157
8049	15394
8050	14400
8051	13242
8052	12000
8053	10758
8054	9600
8055	8606
8056	7843
8057	7364
8058	7200
8059	7364
8060	7843
8061	8606
8062	9600
8063	10758
8064	12000
8065	13242
8066	14400
8067	15394
8068	16157
8069	16636
8070	16800
8071	16636
8072	16157
8073	15394
8074	14400
8075	13242
8076	12000
8077	10758
8078	9600
8079	8606
8080	7843
8081	7364
8082	7200
8083	7364
8084	7843
8085	8606
8086	9600
8087	10758
8088	12000
8089	13242
8090	14400
8091	15394
8092	16157
8093	16636
8094	16800
8095	16636
8096	16157
8097	15394
8098	14400
8099	13242
8100	12000
8101	10758
8102	9600
8103	8606
8104	7843
8105	7364
8106	7200
8107	7364
8108	7843
8109	8606
8110	9600
8111	10758
8112	12000
8113	13242
8114	14400
8115	15394
8116	16157
8117	16636
8118	16800
8119	16636
8120	16157
8121	15394
8122	14400
8123	13242
8124	12000
8125	10758
8126	9600
8127	8606
8128	7843
8129	7364
8130	7200
8131	7364
8132	7843
8133	8606
8134	9600
8135	10758
8136	12000
8137	13242
8138	14400
8139	15394
8140	16157
8141	16636
8142	16800
8143	16636
8144	16157
8145	15394
8146	14400
8147	13242
8148	12000
8149	10758
8150	9600
8151	8606
8152	7843
8153	7364
8154	7200
8155	7364
8156	7843
8157	8606
8158	9600
8159	10758
8160	12000
8161	13242
8162	14400
8163	15394
8164	16157
8165	16636
8166	16800
8167	16636
8168	16157
8169	15394
8170	14400
8171	13242
8172	12000
8173	10758
8174	9600
8175	8606
8176	7843
8177	7364
8178	7200
8179	7364
8180	7843
8181	8606
8182	9600
8183	10758
8184	12000
8185	13242
8186	14400
8187	15394
8188	16157
8189	16636
8190	16800
8191	16636
8192	16157
8193	15394
8194	14400
8195	13242
8196	12000
8197	10758
8198	9600
8199	8606
8200	7843
8201	7364
8202	7200
8203	7364
8204	7843
8205	8606
8206	9600
8207	10758
8208	12000
8209	13242
8210	14400
8211	15394
8212	16157
8213	16636
8214	16800
8215	16636
8216	16157
8217	15394
8218	14400
8219	13242
8220	12000
8221	10758
8222	9600
8223	8606
8224	7843
8225	7364
8226	7200
8227	7364
8228	7843
8229	8606
8230	9600
8231	10758
8232	12000
8233	13242
8234	14400
8235	15394
8236	16157
8237	16636
8238	16800
8239	16636
8240	16157
8241	15394
8242	14400
8243	13242
8244	12000
8245	10758
8246	9600
8247	8606
8248	7843
8249	7364
8250	7200
8251	7364
8252	7843
8253	8606
8254	9600
8255	10758
8256	12000
8257	13242
8258	14400
8259	15394
8260	16157
8261	16636
8262	16800
8263	16636
8264	16157
8265	15394
8266	14400
8267	13242
8268	12000
8269	10758
8270	9600
8271	8606
8272	7843
8273	7364
8274	7200
8275	7364
8276	7843
8277	8606
8278	9600
8279	10758
8280	12000
8281	13242
8282	14400
8283	15394
8284	16157
8285	16636
8286	16800
8287	16636
8288	16157
8289	15394
8290	14400
8291	13242
8292	12000
8293	10758
8294	9600
8295	8606
8296	7843
8297	7364
8298	7200
8299	7364
8300	7843
8301	8606
8302	9600
8303	10758
8304	12000
8305	13242
8306	14400
8307	15394
8308	16157
8309	16636
8310	16800
8311	16636
8312	16157
8313	15394
8314	14400
8315	13242
8316	12000
8317	10758
8318	9600
8319	8606
8320	7843
8321	7364
8322	7200
8323	7364
8324	7843
8325	8606
8326	9600
8327	10758
8328	12000
8329	13242
8330	14400
8331	15394
8332	16157
8333	16636
8334	16800
8335	16636
8336	16157
8337	15394
8338	14400
8339	13242
8340	12000
8341	10758
8342	9600
8343	8606
8344	7843
8345	7364
8346	7200
8347	7364
8348	7843
8349	8606
8350	9600
8351	10758
8352	12000
8353	13242
8354	14400
8355	15394
8356	16157
8357	16636
8358	16800
8359	16636
8360	16157
8361	15394
8362	14400
8363	13242
8364	12000
8365	10758
8366	9600
8367	8606
8368	7843
8369	7364
8370	7200
8371	7364
8372	7843
8373	8606
8374	9600
8375	10758
8376	12000
8377	13242
8378	14400
8379	15394
8380	16157
8381	16636
8382	16800
8383	16636
8384	16157
8385	15394
8386	14400
8387	13242
8388	12000
8389	10758
8390	9600
8391	8606
8392	7843
8393	7364
8394	7200
8395	7364
8396	7843
8397	8606
8398	9600
8399	10758
8400	12000
8401	13242
8402	14400
8403	15394
8404	16157
8405	16636
8406	16800
8407	16636
8408	16157
8409	15394
8410	14400
8411	13242
8412	12000
8413	10758
8414	9600
8415	8606
8416	7843
8417	7364
8418	7200
8419	7364
8420	7843
8421	8606
8422	9600
8423	10758
8424	12000
8425	13242
8426	14400
8427	15394
8428	16157
8429	16636
8430	16800
8431	16636
8432	16157
8433	15394
8434	14400
8435	13242
8436	12000
8437	10758
8438	9600
8439	8606
8440	7843
8441	7364
8442	7200
8443	7364
8444	7843
8445	8606
8446	9600
8447	10758
8448	12000
8449	13242
8450	14400
8451	15394
8452	16157
8453	16636
8454	16800
8455	16636
8456	16157
8457	15394
8458	14400
8459	13242
8460	12000
8461	10758
8462	9600
8463	8606
8464	7843
8465	7364
8466	7200
8467	7364
8468	7843
8469	8606
8470	9600
8471	10758
8472	12000
8473	13242
8474	14400
8475	15394
8476	16157
8477	16636
8478	16800
8479	16636
8480	16157
8481	15394
8482	14400
8483	13242
8484	12000
8485	10758
8486	9600
8487	8606
8488	7843
8489	7364
8490	7200
8491	7364
8492	7843
8493	8606
8494	9600
8495	10758
8496	12000
8497	13242
8498	14400
8499	15394
8500	16157
8501	16636
8502	16800
8503	16636
8504	16157
8505	15394
8506	14400
8507	13242
8508	12000
8509	10758
8510	9600
8511	8606
8512	7843
8513	7364
8514	7200
8515	7364
8516	7843
8517	8606
8518	9600
8519	10758
8520	12000
8521	13242
8522	14400
8523	15394
8524	16157
8525	16636
8526	16800
8527	16636
8528	16157
8529	15394
8530	14400
8531	13242
8532	12000
8533	10758
8534	9600
8535	8606
8536	7843
8537	7364
8538	7200
8539	7364
8540	7843
8541	8606
8542	9600
8543	10758
8544	12000
8545	13242
8546	14400
8547	15394
8548	16157
8549	16636
8550	16800
8551	16636
8552	16157
8553	15394
8554	14400
8555	13242
8556	12000
8557	10758
8558	9600
8559	8606
8560	7843
8561	7364
8562	7200
8563	7364
8564	7843
8565	8606
8566	9600
8567	10758
8568	12000
8569	13242
8570	14400
8571	15394
8572	16157
8573	16636
8574	16800
8575	16636
8576	16157
8577	15394
8578	14400
8579	13242
8580	12000
8581	10758
8582	9600
8583	8606
8584	7843
8585	7364
8586	7200
8587	7364
8588	7843
8589	8606
8590	9600
8591	10758
8592	12000
8593	13242
8594	14400
8595	15394
8596	16157
8597	16636
8598	16800
8599	16636
8600	16157
8601	15394
8602	14400
8603	13242
8604	12000
8605	10758
8606	9600
8607	8606
8608	7843
8609	7364
8610	7200
8611	7364
8612	7843
8613	8606
8614	9600
8615	10758
8616	12000
8617	13242
8618	14400
8619	15394
8620	16157
8621	16636
8622	16800
8623	16636
8624	16157
8625	15394
8626	14400
8627	13242
8628	12000
8629	10758
8630	9600
8631	8606
8632	7843
8633	7364
8634	7200
8635	7364
8636	7843
8637	8606
8638	9600
8639	10758
8640	12000
8641	13242
8642	14400
8643	15394
8644	16157
8645	16636
8646	16800
8647	16636
8648	16157
8649	15394
8650	14400
8651	13242
8652	12000
8653	10758
8654	9600
8655	8606
8656	7843
8657	7364
8658	7200
8659	7364
8660	7843
8661	8606
8662	9600
8663	10758
8664	12000
8665	13242
8666	14400
8667	15394
8668	16157
8669	16636
8670	16800
8671	16636
8672	16157
8673	15394
8674	14400
8675	13242
8676	12000
8677	10758
8678	9600
8679	8606
8680	7843
8681	7364
8682	7200
8683	7364
8684	7843
8685	8606
8686	9600
8687	10758
8688	12000
8689	13242
8690	14400
8691	15394
8692	16157
8693	16636
8694	16800
8695	16636
8696	16157
8697	15394
8698	14400
8699	13242
8700	12000
8701	10758
8702	9600
8703	8606
8704	7843
8705	7364
8706	7200
8707	7364
8708	7843
8709	8606
8710	9600
8711	10758
8712	12000
8713	13242
8714	14400
8715	15394
8716	16157
8717	16636
8718	16800
8719	16636
8720	16157
8721	15394
8722	14400
8723	13242
8724	12000
8725	10758
8726	9600
8727	8606
8728	7843
8729	7364
8730	7200
8731	7364
8732	7843
8733	8606
8734	9600
8735	10758
8736	12000
8737	13242
8738	14400
8739	15394
8740	16157
8741	16636
8742	16800
8743	16636
8744	16157
8745	15394
8746	14400
8747	13242
8748	12000
8749	10758
8750	9600
8751	8606
8752	7843
8753	7364
8754	7200
8755	7364
8756	7843
8757	8606
8758	9600
8759	10758
8760	12000
