1138.5	1299.6	1463.4			!air flow rates in l/s					
29.44	35	40.56	46.11		!outdoor dry bulb temperatures ©					
15	17.22	19.44			!indoor wet bulb temperatures (C)					
22.22	23.89	25.56	26.67		!indoor dry bulb temperatures (C)					
136305	112889	31808				!total capacity (kJ/h), sensible capacity (kJ/h) and power (kJ/h) at 262.8, 29.44, 15.00, 22.22	1138.5	29.44	15	22.22
136305	126731	31808				!total capacity (kJ/h), sensible capacity (kJ/h) and power (kJ/h) at 262.8, 29.44, 15.00, 23.89	1138.5	29.44	15	23.89
136305	140252	31808				!	1138.5	29.44	15	25.56
136305	147442	31808				!	1138.5	29.44	15	26.67
147533	95612	32714				!	1138.5	29.44	17.22	22.22
147533	109240	32714				!	1138.5	29.44	17.22	23.89
147533	123083	32714				!	1138.5	29.44	17.22	25.56
147533	132097	32714				!	1138.5	29.44	17.22	26.67
159542	76511	33621				!	1138.5	29.44	19.44	22.22
159542	90032	33621				!	1138.5	29.44	19.44	23.89
159542	103445	33621				!	1138.5	29.44	19.44	25.56
159542	112459	33621				!	1138.5	29.44	19.44	26.67
130690	110313	34383				!	1138.5	35	15	22.22
130690	124156	34383				!	1138.5	35	15	23.89
130690	137677	34383				!	1138.5	35	15	25.56
130690	142613	34383				!	1138.5	35	15	26.67
141451	93036	35289				!	1138.5	35	17.22	22.22
141451	106450	35289				!	1138.5	35	17.22	23.89
141451	120078	35289				!	1138.5	35	17.22	25.56
141451	129414	35289				!	1138.5	35	17.22	26.67
152836	73506	36269				!	1138.5	35	19.44	22.22
152836	87456	36269				!	1138.5	35	19.44	23.89
152836	100870	36269				!	1138.5	35	19.44	25.56
152836	109884	36269				!	1138.5	35	19.44	26.67
133497	89603	37937				!	1138.5	40.56	15	22.22
133497	103231	37937				!	1138.5	40.56	15	23.89
133497	116752	37937				!	1138.5	40.56	15	25.56
133497	126087	37937				!	1138.5	40.56	15	26.67
144258	70180	38916				!	1138.5	40.56	17.22	22.22
144258	84023	38916				!	1138.5	40.56	17.22	23.89
144258	97543	38916				!	1138.5	40.56	17.22	25.56
144258	106450	38916				!	1138.5	40.56	17.22	26.67
155643	50220	40004				!	1138.5	40.56	19.44	22.22
155643	64170	40004				!	1138.5	40.56	19.44	23.89
155643	77584	40004				!	1138.5	40.56	19.44	25.56
155643	86598	40004				!	1138.5	40.56	19.44	26.67
125700	86383	40657				!	1138.5	46.11	15	22.22
136305	99797	40657				!	1138.5	46.11	15	23.89
136305	113747	40657				!	1138.5	46.11	15	25.56
136305	122654	40657				!	1138.5	46.11	15	26.67
135837	66746	41673				!	1138.5	46.11	17.22	22.22
135837	80589	41673				!	1138.5	46.11	17.22	23.89
135837	94110	41673				!	1138.5	46.11	17.22	25.56
135837	103231	41673				!	1138.5	46.11	17.22	26.67
146598	47216	42652				!	1138.5	46.11	19.44	22.22
146598	60737	42652				!	1138.5	46.11	19.44	23.89
146598	74257	42652				!	1138.5	46.11	19.44	25.56
146598	83379	42652				!	1138.5	46.11	19.44	26.67
139112	120078	31808				!	1299.6	29.44	15	22.22
139112	134994	31808				!	1299.6	29.44	15	23.89
139112	149266	31808				!	1299.6	29.44	15	25.56
139112	156885	31808				!	1299.6	29.44	15	26.67
150497	101728	32714				!	1299.6	29.44	17.22	22.22
150497	116108	32714				!	1299.6	29.44	17.22	23.89
150497	130916	32714				!	1299.6	29.44	17.22	25.56
150497	140574	32714				!	1299.6	29.44	17.22	26.67
162661	81447	33621				!	1299.6	29.44	19.44	22.22
162661	95719	33621				!	1299.6	29.44	19.44	23.89
162661	110206	33621				!	1299.6	29.44	19.44	25.56
162661	119649	33621				!	1299.6	29.44	19.44	26.67
133342	117395	34383				!	1299.6	35	15	22.22
133342	132097	34383				!	1299.6	35	15	23.89
133342	146476	34383				!	1299.6	35	15	25.56
133342	151734	34383				!	1299.6	35	15	26.67
144414	99046	35289				!	1299.6	35	17.22	22.22
144414	113318	35289				!	1299.6	35	17.22	23.89
144414	127697	35289				!	1299.6	35	17.22	25.56
144414	137677	35289				!	1299.6	35	17.22	26.67
155955	78121	36269				!	1299.6	35	19.44	22.22
155955	93036	36269				!	1299.6	35	19.44	23.89
155955	107308	36269				!	1299.6	35	19.44	25.56
155955	116966	36269				! Rated condition	1299.6	35	19.44	26.67
136305	95290	37937				!	1299.6	40.56	15	22.22
136305	109777	37937				!	1299.6	40.56	15	23.89
136305	124049	37937				!	1299.6	40.56	15	25.56
136305	134136	37937				!	1299.6	40.56	15	26.67
147222	74579	38916				!	1299.6	40.56	17.22	22.22
147222	89281	38916				!	1299.6	40.56	17.22	23.89
147222	103767	38916				!	1299.6	40.56	17.22	25.56
147222	113318	38916				!	1299.6	40.56	17.22	26.67
158762	53547	40004				!	1299.6	40.56	19.44	22.22
158762	68248	40004				!	1299.6	40.56	19.44	23.89
158762	82628	40004				!	1299.6	40.56	19.44	25.56
158762	92178	40004				!	1299.6	40.56	19.44	26.67
128351	91749	40657				!	1299.6	46.11	15	22.22
139112	106235	40657				!	1299.6	46.11	15	23.89
139112	120937	40657				!	1299.6	46.11	15	25.56
139112	130487	40657				!	1299.6	46.11	15	26.67
138644	71038	41673				!	1299.6	46.11	17.22	22.22
138644	85739	41673				!	1299.6	46.11	17.22	23.89
138644	100226	41673				!	1299.6	46.11	17.22	25.56
138644	109777	41673				!	1299.6	46.11	17.22	26.67
149405	50220	42652				!	1299.6	46.11	19.44	22.22
149405	64707	42652				!	1299.6	46.11	19.44	23.89
149405	78979	42652				!	1299.6	46.11	19.44	25.56
149405	88637	42652				!	1299.6	46.11	19.44	26.67
141919	126087	31808				!	1463.4	29.44	15	22.22
141919	141647	31808				!	1463.4	29.44	15	23.89
141919	156778	31808				!	1463.4	29.44	15	25.56
141919	164611	31808				!	1463.4	29.44	15	26.67
153460	106879	32714				!	1463.4	29.44	17.22	22.22
153460	121902	32714				!	1463.4	29.44	17.22	23.89
153460	137355	32714				!	1463.4	29.44	17.22	25.56
153460	147442	32714				!	1463.4	29.44	17.22	26.67
165936	85525	33621				!	1463.4	29.44	19.44	22.22
165936	100655	33621				!	1463.4	29.44	19.44	23.89
165936	115571	33621				!	1463.4	29.44	19.44	25.56
165936	125658	33621				!	1463.4	29.44	19.44	26.67
135993	123190	34383				!	1463.4	35	15	22.22
135993	138750	34383				!	1463.4	35	15	23.89
135993	153773	34383				!	1463.4	35	15	25.56
135993	159246	34383				!	1463.4	35	15	26.67
147377	103875	35289				!	1463.4	35	17.22	22.22
147377	119005	35289				!	1463.4	35	17.22	23.89
147377	134136	35289				!	1463.4	35	17.22	25.56
147377	144652	35289				!	1463.4	35	17.22	26.67
159074	82091	36269				!	1463.4	35	19.44	22.22
159074	97651	36269				!	1463.4	35	19.44	23.89
159074	112781	36269				!	1463.4	35	19.44	25.56
159074	122868	36269				!	1463.4	35	19.44	26.67
138956	100119	37937				!	1463.4	40.56	15	22.22
138956	115249	37937				!	1463.4	40.56	15	23.89
138956	130273	37937				!	1463.4	40.56	15	25.56
138956	140789	37937				!	1463.4	40.56	15	26.67
150341	78335	38916				!	1463.4	40.56	17.22	22.22
150341	93788	38916				!	1463.4	40.56	17.22	23.89
150341	108918	38916				!	1463.4	40.56	17.22	25.56
150341	119005	38916				!	1463.4	40.56	17.22	26.67
161881	56122	40004				!	1463.4	40.56	19.44	22.22
161881	71682	40004				!	1463.4	40.56	19.44	23.89
161881	86705	40004				!	1463.4	40.56	19.44	25.56
161881	96792	40004				!	1463.4	40.56	19.44	26.67
130846	96363	40657				!	1463.4	46.11	15	22.22
141919	111494	40657				!	1463.4	46.11	15	23.89
141919	126946	40657				!	1463.4	46.11	15	25.56
141919	137033	40657				!	1463.4	46.11	15	26.67
141451	74579	41673				!	1463.4	46.11	17.22	22.22
141451	90139	41673				!	1463.4	46.11	17.22	23.89
141451	105162	41673				!	1463.4	46.11	17.22	25.56
141451	115249	41673				!	1463.4	46.11	17.22	26.67
152368	52796	42652				!	1463.4	46.11	19.44	22.22
152368	67819	42652				!	1463.4	46.11	19.44	23.89
152368	82949	42652				!	1463.4	46.11	19.44	25.56
152368	93036	42652				!	1463.4	46.11	19.44	26.67
