348	397	447			!air flow rates in l/s			
29.44	35	40.56	46.11		!outdoor dry bulb temperatures ©			
15	17.22	19.44			!indoor wet bulb temperatures (C)			
22.22	23.89	25.56	26.67		!indoor dry bulb temperatures (C)			
41673	34514	9725		!total capacity (kJ/h), sensible capacity (kJ/h) and power (kJ/h) at 348	29.44	15	22.22
41673	38746	9725		!total capacity (kJ/h), sensible capacity (kJ/h) and power (kJ/h) at 348	29.44	15	23.89
41673	42880	9725		!	348	29.44	15	25.56
41673	45078	9725		!	348	29.44	15	26.67
45106	29232	10002		!	348	29.44	17.22	22.22
45106	33399	10002		!	348	29.44	17.22	23.89
45106	37631	10002		!	348	29.44	17.22	25.56
45106	40387	10002		!	348	29.44	17.22	26.67
48778	23392	10279		!	348	29.44	19.44	22.22
48778	27526	10279		!	348	29.44	19.44	23.89
48778	31627	10279		!	348	29.44	19.44	25.56
48778	34383	10279		!	348	29.44	19.44	26.67
39957	33727	10512		!	348	35	15	22.22
39957	37959	10512		!	348	35	15	23.89
39957	42093	10512		!	348	35	15	25.56
39957	43602	10512		!	348	35	15	26.67
43247	28445	10789		!	348	35	17.22	22.22
43247	32546	10789		!	348	35	17.22	23.89
43247	36712	10789		!	348	35	17.22	25.56
43247	39566	10789		!	348	35	17.22	26.67
46727	22473	11089		!	348	35	19.44	22.22
46727	26739	11089		!	348	35	19.44	23.89
46727	30840	11089		!	348	35	19.44	25.56
46727	33595	11089		!	348	35	19.44	26.67
40815	27395	11599		!	348	40.56	15	22.22
40815	31561	11599		!	348	40.56	15	23.89
40815	35695	11599		!	348	40.56	15	25.56
40815	38549	11599		!	348	40.56	15	26.67
44105	21456	11898		!	348	40.56	17.22	22.22
44105	25689	11898		!	348	40.56	17.22	23.89
44105	29822	11898		!	348	40.56	17.22	25.56
44105	32546	11898		!	348	40.56	17.22	26.67
47586	15354	12231		!	348	40.56	19.44	22.22
47586	19619	12231		!	348	40.56	19.44	23.89
47586	23720	12231		!	348	40.56	19.44	25.56
47586	26476	12231		!	348	40.56	19.44	26.67
38431	26410	12430		!	348	46.11	15	22.22
41673	30511	12430		!	348	46.11	15	23.89
41673	34777	12430		!	348	46.11	15	25.56
41673	37500	12430		!	348	46.11	15	26.67
41530	20407	12741		!	348	46.11	17.22	22.22
41530	24639	12741		!	348	46.11	17.22	23.89
41530	28773	12741		!	348	46.11	17.22	25.56
41530	31561	12741		!	348	46.11	17.22	26.67
44820	14436	13040		!	348	46.11	19.44	22.22
44820	18569	13040		!	348	46.11	19.44	23.89
44820	22703	13040		!	348	46.11	19.44	25.56
44820	25492	13040		!	348	46.11	19.44	26.67
42531	36712	9725		!	337	29.44	15	22.22
42531	41272	9725		!	337	29.44	15	23.89
42531	45636	9725		!	337	29.44	15	25.56
42531	47965	9725		!	337	29.44	15	26.67
46012	31102	10002		!	337	29.44	17.22	22.22
46012	35498	10002		!	337	29.44	17.22	23.89
46012	40026	10002		!	337	29.44	17.22	25.56
46012	42979	10002		!	337	29.44	17.22	26.67
49731	24901	10279		!	337	29.44	19.44	22.22
49731	29265	10279		!	337	29.44	19.44	23.89
49731	33694	10279		!	337	29.44	19.44	25.56
49731	36581	10279		!	337	29.44	19.44	26.67
40767	35892	10512		!	337	35	15	22.22
40767	40387	10512		!	337	35	15	23.89
40767	44783	10512		!	337	35	15	25.56
40767	46391	10512		!	337	35	15	26.67
44153	30282	10789		!	337	35	17.22	22.22
44153	34645	10789		!	337	35	17.22	23.89
44153	39042	10789		!	337	35	17.22	25.56
44153	42093	10789		!	337	35	17.22	26.67
47681	23884	11089		!	337	35	19.44	22.22
47681	28445	11089		!	337	35	19.44	23.89
47681	32808	11089		!	337	35	19.44	25.56
47681	35761	11089		! Rated condition	337	35	19.44	26.67
41673	29134	11599		!	337	40.56	15	22.22
41673	33563	11599		!	337	40.56	15	23.89
41673	37926	11599		!	337	40.56	15	25.56
41673	41010	11599		!	337	40.56	15	26.67
45011	22802	11898		!	337	40.56	17.22	22.22
45011	27296	11898		!	337	40.56	17.22	23.89
45011	31725	11898		!	337	40.56	17.22	25.56
45011	34645	11898		!	337	40.56	17.22	26.67
48539	16371	12231		!	337	40.56	19.44	22.22
48539	20866	12231		!	337	40.56	19.44	23.89
48539	25262	12231		!	337	40.56	19.44	25.56
48539	28182	12231		!	337	40.56	19.44	26.67
39241	28051	12430		!	337	46.11	15	22.22
42531	32480	12430		!	337	46.11	15	23.89
42531	36975	12430		!	337	46.11	15	25.56
42531	39895	12430		!	337	46.11	15	26.67
42388	21719	12741		!	337	46.11	17.22	22.22
42388	26214	12741		!	337	46.11	17.22	23.89
42388	30643	12741		!	337	46.11	17.22	25.56
42388	33563	12741		!	337	46.11	17.22	26.67
45678	15354	13040		!	337	46.11	19.44	22.22
45678	19783	13040		!	337	46.11	19.44	23.89
45678	24147	13040		!	337	46.11	19.44	25.56
45678	27099	13040		!	337	46.11	19.44	26.67
43390	38549	9725		!	447	29.44	15	22.22
43390	43307	9725		!	447	29.44	15	23.89
43390	47933	9725		!	447	29.44	15	25.56
43390	50328	9725		!	447	29.44	15	26.67
46918	32677	10002		!	447	29.44	17.22	22.22
46918	37270	10002		!	447	29.44	17.22	23.89
46918	41994	10002		!	447	29.44	17.22	25.56
46918	45078	10002		!	447	29.44	17.22	26.67
50733	26148	10279		!	447	29.44	19.44	22.22
50733	30774	10279		!	447	29.44	19.44	23.89
50733	35334	10279		!	447	29.44	19.44	25.56
50733	38418	10279		!	447	29.44	19.44	26.67
41578	37664	10512		!	447	35	15	22.22
41578	42421	10512		!	447	35	15	23.89
41578	47014	10512		!	447	35	15	25.56
41578	48687	10512		!	447	35	15	26.67
45059	31758	10789		!	447	35	17.22	22.22
45059	36384	10789		!	447	35	17.22	23.89
45059	41010	10789		!	447	35	17.22	25.56
45059	44225	10789		!	447	35	17.22	26.67
48635	25098	11089		!	447	35	19.44	22.22
48635	29855	11089		!	447	35	19.44	23.89
48635	34481	11089		!	447	35	19.44	25.56
48635	37565	11089		!	447	35	19.44	26.67
42484	30610	11599		!	447	40.56	15	22.22
42484	35236	11599		!	447	40.56	15	23.89
42484	39829	11599		!	447	40.56	15	25.56
42484	43044	11599		!	447	40.56	15	26.67
45964	23950	11898		!	447	40.56	17.22	22.22
45964	28674	11898		!	447	40.56	17.22	23.89
45964	33300	11898		!	447	40.56	17.22	25.56
45964	36384	11898		!	447	40.56	17.22	26.67
49493	17159	12231		!	447	40.56	19.44	22.22
49493	21916	12231		!	447	40.56	19.44	23.89
49493	26509	12231		!	447	40.56	19.44	25.56
49493	29593	12231		!	447	40.56	19.44	26.67
40004	29462	12430		!	447	46.11	15	22.22
43390	34088	12430		!	447	46.11	15	23.89
43390	38812	12430		!	447	46.11	15	25.56
43390	41896	12430		!	447	46.11	15	26.67
43247	22802	12741		!	447	46.11	17.22	22.22
43247	27559	12741		!	447	46.11	17.22	23.89
43247	32152	12741		!	447	46.11	17.22	25.56
43247	35236	12741		!	447	46.11	17.22	26.67
46584	16142	13040		!	447	46.11	19.44	22.22
46584	20735	13040		!	447	46.11	19.44	23.89
46584	25361	13040		!	447	46.11	19.44	25.56
46584	28445	13040		!	447	46.11	19.44	26.67
