826	944	984		!Air flow rate			
15	17.22	19.44	21.67		!Return air wet bulb		
22.22	23.33	24.44	25.56	26.67		!Return air dry bulb	
29.44	32.22	35	37.78	40.56	46.11		!Outdoor air dry bulb
56757.01	47229.37	16504.85		!Total capacity, sensible capacity, and power at 661, 15 [C], 22.22 [C], and 29.44 [C]			
56496.14	47229.37	16996.10		!Total capacity, sensible capacity, and power at 661, 15 [C], 22.22 [C], and 32.22 [C]			
56121.55	46801.10	17585.23		!Total capacity, sensible capacity, and power at 661, 15 [C], 22.22 [C], and 35 [C]			
54984.40	46372.83	18174.36		!Total capacity, sensible capacity, and power at 661, 15 [C], 22.22 [C], and 37.78 [C]			
53840.57	45944.56	18863.22		!Total capacity, sensible capacity, and power at 661, 15 [C], 22.22 [C], and 40.56 [C]			
51940.86	45232.43	20137.51		!Total capacity, sensible capacity, and power at 661, 15 [C], 22.22 [C], and 46.11 [C]			
56757.01	51507.11	16504.85		!Total capacity, sensible capacity, and power at 661, 15 [C], 23.33 [C], and 29.44 [C]			
56496.14	51083.81	16996.10					
56121.55	51083.81	17585.23					
54984.40	50222.29	18174.36					
53840.57	49799.00	18863.22					
51940.86	49370.73	20137.51					
56757.01	55645.40	16504.85					
56496.14	55222.11	16996.10					
56121.55	55222.11	17585.23					
54984.40	54788.86	18174.36					
53840.57	54365.57	18863.22					
51940.86	53504.05	20137.51					
56757.01	59360.41	16504.85					
56496.14	59360.41	16996.10					
56121.55	58927.16	17585.23					
54984.40	58503.87	18174.36					
53840.57	58075.59	18863.22					
51940.86	56506.93	20137.51					
56757.01	62353.33	16504.85					
56496.14	62353.33	16996.10					
56121.55	61930.04	17585.23					
54984.40	61073.49	18174.36					
53840.57	59788.68	18863.22					
51940.86	58075.59	20137.51					
61947.76	39669.88	16800.34					
61318.98	39381.05	17289.74					
60937.70	38952.78	17878.87					
59793.86	38524.51	18468.00					
58275.44	38096.24	19058.98					
56121.55	37239.69	20335.11					
61947.76	43524.33	16800.34					
61318.98	43091.07	17289.74					
60937.70	43091.07	17878.87					
59793.86	42662.80	18468.00					
58275.44	42239.51	19058.98					
56121.55	41377.99	20335.11					
61947.76	47657.64	16800.34					
61318.98	47657.64	17289.74					
60937.70	47229.37	17878.87					
59793.86	46801.10	18468.00					
58275.44	46372.83	19058.98					
56121.55	45232.43	20335.11					
61947.76	51795.94	16800.34					
61318.98	51507.11	17289.74					
60937.70	51083.81	17878.87					
59793.86	50655.54	18468.00					
58275.44	50222.29	19058.98					
56121.55	49370.73	20335.11					
61947.76	55645.40	16800.34					
61318.98	55645.40	17289.74					
60937.70	55645.40	17878.87					
59793.86	54788.86	18468.00					
58275.44	54365.57	19058.98					
56121.55	53504.05	20335.11					
66891.00	30965.02	17093.98					
66128.44	30531.77	17585.23					
65372.57	30108.48	18174.36					
63847.46	29680.20	18763.49					
63091.59	29680.20	19352.62					
60556.42	28395.39	20530.88					
66891.00	35103.32	17093.98					
66128.44	34670.06	17585.23					
65372.57	34670.06	18174.36					
63847.46	33818.50	18763.49					
63091.59	33385.25	19352.62					
60556.42	32673.12	20530.88					
66891.00	38952.78	17093.98					
66128.44	38952.78	17585.23					
65372.57	38524.51	18174.36					
63847.46	38096.24	18763.49					
63091.59	37239.69	19352.62					
60556.42	36388.13	20530.88					
66891.00	43091.07	17093.98					
66128.44	42662.80	17585.23					
65372.57	42662.80	18174.36					
63847.46	42239.51	18763.49					
63091.59	41806.26	19352.62					
60556.42	40521.45	20530.88					
66891.00	47229.37	17093.98					
66128.44	46801.10	17585.23					
65372.57	46801.10	18174.36					
63847.46	45944.56	18763.49					
63091.59	45516.29	19352.62					
60556.42	44804.16	20530.88					
72463.02	22115.74	17389.47					
71325.87	22115.74	17978.60					
70563.32	21687.46	18468.00					
69044.89	21264.17	19058.98					
67519.78	20547.07	19548.38					
64610.02	19690.52	20728.48					
72463.02	26398.45	17389.47					
71325.87	25965.20	17978.60					
70563.32	25541.91	18468.00					
69044.89	25113.64	19058.98					
67519.78	24685.36	19548.38					
64610.02	23400.55	20728.48					
72463.02	30108.48	17389.47					
71325.87	29680.20	17978.60					
70563.32	29680.20	18468.00					
69044.89	29246.95	19058.98					
67519.78	28823.66	19548.38					
64610.02	27538.85	20728.48					
72463.02	34246.77	17389.47					
71325.87	34246.77	17978.60					
70563.32	33818.50	18468.00					
69044.89	33385.25	19058.98					
67519.78	32673.12	19548.38					
64610.02	31816.58	20728.48					
72463.02	38524.51	17389.47					
71325.87	38096.24	17978.60					
70563.32	37667.96	18468.00					
69044.89	37239.69	19058.98					
67519.78	36816.40	19548.38					
64610.02	35954.88	20728.48					
57894.16	50222.29	16700.61					
57512.88	50222.29	17289.74					
57131.60	49799.00	17878.87					
56121.55	49370.73	18468.00					
54984.40	48942.46	19156.86					
53084.70	48085.91	20433.00					
57894.16	54788.86	16700.61					
57512.88	54365.57	17289.74					
57131.60	54365.57	17878.87					
56121.55	53504.05	18468.00					
54984.40	53080.75	19156.86					
53084.70	52224.21	20433.00					
57894.16	58927.16	16700.61					
57512.88	58503.87	17289.74					
57131.60	58503.87	17878.87					
56121.55	58075.59	18468.00					
54984.40	57642.34	19156.86					
53084.70	56930.22	20433.00					
57894.16	63209.87	16700.61					
57512.88	63209.87	17289.74					
57131.60	62781.60	17878.87					
56121.55	62353.33	18468.00					
54984.40	61930.04	19156.86					
53084.70	60211.97	20433.00					
57894.16	66496.60	16700.61					
57512.88	66063.35	17289.74					
57131.60	65635.08	17878.87					
56121.55	64778.54	18468.00					
54984.40	63638.14	19156.86					
53084.70	61930.04	20433.00					
63091.59	42239.51	17093.98					
62329.03	41806.26	17585.23					
61947.76	41377.99	18174.36					
60937.70	40954.70	18763.49					
59419.28	40521.45	19352.62					
57131.60	39669.88	20630.60					
63091.59	46372.83	17093.98					
62329.03	45944.56	17585.23					
61947.76	45944.56	18174.36					
60937.70	45232.43	18763.49					
59419.28	44804.16	19352.62					
57131.60	43947.62	20630.60					
63091.59	50655.54	17093.98					
62329.03	50655.54	17585.23					
61947.76	50222.29	18174.36					
60937.70	49799.00	18763.49					
59419.28	49370.73	19352.62					
57131.60	48085.91	20630.60					
63091.59	55222.11	17093.98					
62329.03	54788.86	17585.23					
61947.76	54365.57	18174.36					
60937.70	53937.30	18763.49					
59419.28	53504.05	19352.62					
57131.60	52652.48	20630.60					
63091.59	59360.41	17093.98					
62329.03	58927.16	17585.23					
61947.76	58927.16	18174.36					
60937.70	58075.59	18763.49					
59419.28	57642.34	19352.62					
57131.60	56930.22	20630.60					
68282.33	33101.40	17389.47					
67519.78	32673.12	17878.87					
66891.00	32249.83	18468.00					
65372.57	31816.58	19058.98					
64228.74	31393.29	19648.11					
61700.26	30108.48	20826.36					
68282.33	37239.69	17389.47					
67519.78	36816.40	17878.87					
66891.00	36816.40	18468.00					
65372.57	35954.88	19058.98					
64228.74	35531.59	19648.11					
61700.26	34670.06	20826.36					
68282.33	41377.99	17389.47					
67519.78	41377.99	17878.87					
66891.00	40954.70	18468.00					
65372.57	40521.45	19058.98					
64228.74	39669.88	19648.11					
61700.26	38952.78	20826.36					
68282.33	45944.56	17389.47					
67519.78	45516.29	17878.87					
66891.00	45232.43	18468.00					
65372.57	44804.16	19058.98					
64228.74	44375.89	19648.11					
61700.26	43091.07	20826.36					
68282.33	50222.29	17389.47					
67519.78	49799.00	17878.87					
66891.00	49799.00	18468.00					
65372.57	48942.46	19058.98					
64228.74	48514.19	19648.11					
61700.26	47657.64	20826.36					
73854.35	23400.55	17683.11					
72717.21	23400.55	18272.24					
72081.74	22972.28	18763.49					
70563.32	22544.01	19352.62					
69044.89	21687.46	19843.87					
66128.44	20975.34	21022.12					
73854.35	27967.12	17683.11					
72717.21	27538.85	18272.24					
72081.74	27250.01	18763.49					
70563.32	26826.72	19352.62					
69044.89	26398.45	19843.87					
66128.44	25113.64	21022.12					
73854.35	32249.83	17683.11					
72717.21	31816.58	18272.24					
72081.74	31393.29	18763.49					
70563.32	30965.02	19352.62					
69044.89	30531.77	19843.87					
66128.44	29246.95	21022.12					
73854.35	36388.13	17683.11					
72717.21	36388.13	18272.24					
72081.74	35954.88	18763.49					
70563.32	35531.59	19352.62					
69044.89	34670.06	19843.87					
66128.44	33818.50	21022.12					
73854.35	40954.70	17683.11					
72717.21	40521.45	18272.24					
72081.74	40093.17	18763.49					
70563.32	39669.88	19352.62					
69044.89	39381.05	19843.87					
66128.44	38096.24	21022.12					
59038.00	53080.75	16800.34					
58656.72	53080.75	17389.47					
58275.44	52652.48	17978.60					
57131.60	52224.21	18567.73					
56121.55	51795.94	19254.74					
54221.84	51083.81	20630.60					
59038.00	58075.59	16800.34					
58656.72	57642.34	17389.47					
58275.44	57642.34	17978.60					
57131.60	56930.22	18567.73					
56121.55	56506.93	19254.74					
54221.84	55645.40	20630.60					
59038.00	62353.33	16800.34					
58656.72	61930.04	17389.47					
58275.44	61930.04	17978.60					
57131.60	61496.79	18567.73					
56121.55	61073.49	19254.74					
54221.84	60211.97	20630.60					
59038.00	66919.90	16800.34					
58656.72	66919.90	17389.47					
58275.44	66496.60	17978.60					
57131.60	66063.35	18567.73					
56121.55	65635.08	19254.74					
54221.84	63926.98	20630.60					
59038.00	70629.92	16800.34					
58656.72	69773.38	17389.47					
58275.44	69489.52	17978.60					
57131.60	68632.98	18567.73					
56121.55	67348.17	19254.74					
54221.84	65635.08	20630.60					
64228.74	44804.16	17191.86					
63466.18	44375.89	17683.11					
63091.59	43947.62	18272.24					
61947.76	43524.33	18863.22					
60556.42	43091.07	19548.38					
58275.44	42239.51	20826.36					
64228.74	49370.73	17191.86					
63466.18	48942.46	17683.11					
63091.59	48942.46	18272.24					
61947.76	47657.64	18863.22					
60556.42	47229.37	19548.38					
58275.44	46372.83	20826.36					
64228.74	53504.05	17191.86					
63466.18	53504.05	17683.11					
63091.59	53080.75	18272.24					
61947.76	52652.48	18863.22					
60556.42	52224.21	19548.38					
58275.44	51083.81	20826.36					
64228.74	58503.87	17191.86					
63466.18	58075.59	17683.11					
63091.59	57642.34	18272.24					
61947.76	57358.49	18863.22					
60556.42	56930.22	19548.38					
58275.44	56073.67	20826.36					
64228.74	63209.87	17191.86					
63466.18	62353.33	17683.11					
63091.59	62353.33	18272.24					
61947.76	61496.79	18863.22					
60556.42	61073.49	19548.38					
58275.44	60211.97	20826.36					
69800.76	35103.32	17485.50					
69044.89	34670.06	17978.60					
68282.33	34246.77	18567.73					
66891.00	33818.50	19156.86					
65372.57	33385.25	19843.87					
62710.31	31816.58	21022.12					
69800.76	39381.05	17485.50					
69044.89	38952.78	17978.60					
68282.33	38952.78	18567.73					
66891.00	38096.24	19156.86					
65372.57	37667.96	19843.87					
62710.31	36816.40	21022.12					
69800.76	43947.62	17485.50					
69044.89	43947.62	17978.60					
68282.33	43524.33	18567.73					
66891.00	43091.07	19156.86					
65372.57	42239.51	19843.87					
62710.31	41377.99	21022.12					
69800.76	48942.46	17485.50					
69044.89	48514.19	17978.60					
68282.33	47657.64	18567.73					
66891.00	47229.37	19156.86					
65372.57	46801.10	19843.87					
62710.31	45516.29	21022.12					
69800.76	53080.75	17485.50					
69044.89	52652.48	17978.60					
68282.33	52652.48	18567.73					
66891.00	51795.94	19156.86					
65372.57	51507.11	19843.87					
62710.31	50655.54	21022.12					
75372.78	24685.36	17780.99					
74235.63	24685.36	18370.12					
73473.07	24257.09	18863.22					
72081.74	23828.82	19548.38					
70563.32	22972.28	20041.47					
67519.78	22115.74	21219.73					
75372.78	29680.20	17780.99					
74235.63	29246.95	18370.12					
73473.07	28823.66	18863.22					
72081.74	28395.39	19548.38					
70563.32	27967.12	20041.47					
67519.78	26826.72	21219.73					
75372.78	34246.77	17780.99					
74235.63	33818.50	18370.12					
73473.07	33385.25	18863.22					
72081.74	32673.12	19548.38					
70563.32	32249.83	20041.47					
67519.78	30965.02	21219.73					
75372.78	38524.51	17780.99					
74235.63	38524.51	18370.12					
73473.07	38096.24	18863.22					
72081.74	37667.96	19548.38					
70563.32	36816.40	20041.47					
67519.78	35954.88	21219.73					
75372.78	43524.33	17780.99					
74235.63	43091.07	18370.12					
73473.07	42662.80	18863.22					
72081.74	42239.51	19548.38					
70563.32	41806.26	20041.47					
67519.78	40093.17	21219.73					
