WECS_Typ Enercon E40 600/46
WECS_REF www.enercon.de
Len_Unit m
Spd_Unit m/s
Pwr_Unit kW
Ctl_mode S
Rotor_Ht   46.00
Rotor_Di   43.7
Sensr_Ht   46.00
Sher_Exp    0.16
Turb_Int    0.10
Air_Dens    1.225
Pwr_Ratd  605.00
Spd_Ratd   13.50
Num_Pair      35
    0.50    0.00
    1.75    0.00
    2.75    4.90
    3.5    19.1
    4.5    42.1
    5.5    77.7
    6.5   126.5
    7.5   193.4
    8.5   278.7
    9.5   377.8
   10.5   484.6
   11.5   550.5
   12.5   590.0
   13.5   605.0
   14.5   605.0
   15.5   605.0
   16.5   605.0
   17.5   605.0
   18.5   605.0
   19.5   605.0
   20.5   605.0
   21.5   605.0
   22.5   605.0
   23.5   605.0
   24.5   605.0
   25.5   605.0
   26.5   605.0
   27.5   564.7
   28.5   494.1
   29.5   423.5
   30.5   352.9
   31.5   282.4
   32.5   211.8
   33.5   141.2
   34.5   70.6

   
   
   
   
   
   
   
   
   
   
   
   
   
   
   
   
   
   
   
   
   
   
   
