0	45	90	135	180	225	270	315	360																												
0	30	60	90	120	150	180	210	240	270	300	330	360																								
0	10	20	30	40	50	60	70	80	90	100	110	120	130	140	150	160	170	180	190	200	210	220	230	240	250	260	270	280	290	300	310	320	330	340	350	360
0.0000																																				
0.1736																																				
0.3420																																				
0.5000																																				
0.6428																																				
0.7660																																				
0.8660																																				
0.9397																																				
0.9848																																				
1.0000																																				
0.9848																																				
0.9397																																				
0.8660																																				
0.7660		
0.6428		
0.5000		
0.3420		
0.1736		
0.0000		
-0.1736		
-0.3420		
-0.5000		
-0.6428		
-0.7660		
-0.8660		
-0.9397		
-0.9848		
-1.0000		
-0.9848		
-0.9397		
-0.8660		
-0.7660		
-0.6428		
-0.5000		
-0.3420		
-0.1736		
0.0000		
0.5000		
0.6736		
0.8420		
1.0000		
1.1428		
1.2660		
1.3660		
1.4397		
1.4848		
1.5000		
1.4848		
1.4397		
1.3660		
1.2660		
1.1428		
1.0000		
0.8420		
0.6736		
0.5000		
0.3264		
0.1580		
0.0000		
-0.1428		
-0.2660		
-0.3660		
-0.4397		
-0.4848		
-0.5000		
-0.4848		
-0.4397		
-0.3660		
-0.2660		
-0.1428		
0.0000		
0.1580		
0.3264		
0.5000		
0.8660		
1.0397		
1.2080		
1.3660		
1.5088		
1.6321		
1.7321		
1.8057		
1.8508		
1.8660		
1.8508		
1.8057		
1.7321		
1.6321		
1.5088		
1.3660		
1.2080		
1.0397		
0.8660		
0.6924		
0.5240		
0.3660		
0.2232		
0.1000		
0.0000		
-0.0737		
-0.1188		
-0.1340		
-0.1188		
-0.0737		
0.0000		
0.1000		
0.2232		
0.3660		
0.5240		
0.6924		
0.8660		
1.0000		
1.1736		
1.3420		
1.5000		
1.6428		
1.7660		
1.8660		
1.9397		
1.9848		
2.0000		
1.9848		
1.9397		
1.8660		
1.7660		
1.6428		
1.5000		
1.3420		
1.1736		
1.0000		
0.8264		
0.6580		
0.5000		
0.3572		
0.2340		
0.1340		
0.0603		
0.0152		
0.0000		
0.0152		
0.0603		
0.1340		
0.2340		
0.3572		
0.5000		
0.6580		
0.8264		
1.0000		
0.8660		
1.0397		
1.2080		
1.3660		
1.5088		
1.6321		
1.7321		
1.8057		
1.8508		
1.8660		
1.8508		
1.8057		
1.7321		
1.6321		
1.5088		
1.3660		
1.2080		
1.0397		
0.8660		
0.6924		
0.5240		
0.3660		
0.2232		
0.1000		
0.0000		
-0.0737		
-0.1188		
-0.1340		
-0.1188		
-0.0737		
0.0000		
0.1000		
0.2232		
0.3660		
0.5240		
0.6924		
0.8660		
0.5000		
0.6736		
0.8420		
1.0000		
1.1428		
1.2660		
1.3660		
1.4397		
1.4848		
1.5000		
1.4848		
1.4397		
1.3660		
1.2660		
1.1428		
1.0000		
0.8420		
0.6736		
0.5000		
0.3264		
0.1580		
0.0000		
-0.1428		
-0.2660		
-0.3660		
-0.4397		
-0.4848		
-0.5000		
-0.4848		
-0.4397		
-0.3660		
-0.2660		
-0.1428		
0.0000		
0.1580		
0.3264		
0.5000		
0.0000		
0.1736		
0.3420		
0.5000		
0.6428		
0.7660		
0.8660		
0.9397		
0.9848		
1.0000		
0.9848		
0.9397		
0.8660		
0.7660		
0.6428		
0.5000		
0.3420		
0.1736		
0.0000		
-0.1736		
-0.3420		
-0.5000		
-0.6428		
-0.7660		
-0.8660		
-0.9397		
-0.9848		
-1.0000		
-0.9848		
-0.9397		
-0.8660		
-0.7660		
-0.6428		
-0.5000		
-0.3420		
-0.1736		
0.0000		
-0.5000		
-0.3264		
-0.1580		
0.0000		
0.1428		
0.2660		
0.3660		
0.4397		
0.4848		
0.5000		
0.4848		
0.4397		
0.3660		
0.2660		
0.1428		
0.0000		
-0.1580		
-0.3264		
-0.5000		
-0.6736		
-0.8420		
-1.0000		
-1.1428		
-1.2660		
-1.3660		
-1.4397		
-1.4848		
-1.5000		
-1.4848		
-1.4397		
-1.3660		
-1.2660		
-1.1428		
-1.0000		
-0.8420		
-0.6736		
-0.5000		
-0.8660		
-0.6924		
-0.5240		
-0.3660		
-0.2232		
-0.1000		
0.0000		
0.0737		
0.1188		
0.1340		
0.1188		
0.0737		
0.0000		
-0.1000		
-0.2232		
-0.3660		
-0.5240		
-0.6924		
-0.8660		
-1.0397		
-1.2080		
-1.3660		
-1.5088		
-1.6321		
-1.7321		
-1.8057		
-1.8508		
-1.8660		
-1.8508		
-1.8057		
-1.7321		
-1.6321		
-1.5088		
-1.3660		
-1.2080		
-1.0397		
-0.8660		
-1.0000		
-0.8264		
-0.6580		
-0.5000		
-0.3572		
-0.2340		
-0.1340		
-0.0603		
-0.0152		
0.0000		
-0.0152		
-0.0603		
-0.1340		
-0.2340		
-0.3572		
-0.5000		
-0.6580		
-0.8264		
-1.0000		
-1.1736		
-1.3420		
-1.5000		
-1.6428		
-1.7660		
-1.8660		
-1.9397		
-1.9848		
-2.0000		
-1.9848		
-1.9397		
-1.8660		
-1.7660		
-1.6428		
-1.5000		
-1.3420		
-1.1736		
-1.0000		
-0.8660		
-0.6924		
-0.5240		
-0.3660		
-0.2232		
-0.1000		
0.0000		
0.0737		
0.1188		
0.1340		
0.1188		
0.0737		
0.0000		
-0.1000		
-0.2232		
-0.3660		
-0.5240		
-0.6924		
-0.8660		
-1.0397		
-1.2080		
-1.3660		
-1.5088		
-1.6321		
-1.7321		
-1.8057		
-1.8508		
-1.8660		
-1.8508		
-1.8057		
-1.7321		
-1.6321		
-1.5088		
-1.3660		
-1.2080		
-1.0397		
-0.8660		
-0.5000		
-0.3264		
-0.1580		
0.0000		
0.1428		
0.2660		
0.3660		
0.4397		
0.4848		
0.5000		
0.4848		
0.4397		
0.3660		
0.2660		
0.1428		
0.0000		
-0.1580		
-0.3264		
-0.5000		
-0.6736		
-0.8420		
-1.0000		
-1.1428		
-1.2660		
-1.3660		
-1.4397		
-1.4848		
-1.5000		
-1.4848		
-1.4397		
-1.3660		
-1.2660		
-1.1428		
-1.0000		
-0.8420		
-0.6736		
-0.5000		
0.0000		
0.1736		
0.3420		
0.5000		
0.6428		
0.7660		
0.8660		
0.9397		
0.9848		
1.0000		
0.9848		
0.9397		
0.8660		
0.7660		
0.6428		
0.5000		
0.3420		
0.1736		
0.0000		
-0.1736		
-0.3420		
-0.5000		
-0.6428		
-0.7660		
-0.8660		
-0.9397		
-0.9848		
-1.0000		
-0.9848		
-0.9397		
-0.8660		
-0.7660		
-0.6428		
-0.5000		
-0.3420		
-0.1736		
0.0000		
0.7071		
0.8808		
1.0491		
1.2071		
1.3499		
1.4732		
1.5731		
1.6468		
1.6919		
1.7071		
1.6919		
1.6468		
1.5731		
1.4732		
1.3499		
1.2071		
1.0491		
0.8808		
0.7071		
0.5335		
0.3651		
0.2071		
0.0643		
-0.0589		
-0.1589		
-0.2326		
-0.2777		
-0.2929		
-0.2777		
-0.2326		
-0.1589		
-0.0589		
0.0643		
0.2071		
0.3651		
0.5335		
0.7071		
1.2071		
1.3808		
1.5491		
1.7071		
1.8499		
1.9732		
2.0731		
2.1468		
2.1919		
2.2071		
2.1919		
2.1468		
2.0731		
1.9732		
1.8499		
1.7071		
1.5491		
1.3808		
1.2071		
1.0335		
0.8651		
0.7071		
0.5643		
0.4411		
0.3411		
0.2674		
0.2223		
0.2071		
0.2223		
0.2674		
0.3411		
0.4411		
0.5643		
0.7071		
0.8651		
1.0335		
1.2071		
1.5731		
1.7468		
1.9152		
2.0731		
2.2159		
2.3392		
2.4392		
2.5128		
2.5579		
2.5731		
2.5579		
2.5128		
2.4392		
2.3392		
2.2159		
2.0731		
1.9152		
1.7468		
1.5731		
1.3995		
1.2311		
1.0731		
0.9303		
0.8071		
0.7071		
0.6334		
0.5883		
0.5731		
0.5883		
0.6334		
0.7071		
0.8071		
0.9303		
1.0731		
1.2311		
1.3995		
1.5731		
1.7071		
1.8808		
2.0491		
2.2071		
2.3499		
2.4732		
2.5731		
2.6468		
2.6919		
2.7071		
2.6919		
2.6468		
2.5731		
2.4732		
2.3499		
2.2071		
2.0491		
1.8808		
1.7071		
1.5335		
1.3651		
1.2071		
1.0643		
0.9411		
0.8411		
0.7674		
0.7223		
0.7071		
0.7223		
0.7674		
0.8411		
0.9411		
1.0643		
1.2071		
1.3651		
1.5335		
1.7071		
1.5731		
1.7468		
1.9152		
2.0731		
2.2159		
2.3392		
2.4392		
2.5128		
2.5579		
2.5731		
2.5579		
2.5128		
2.4392		
2.3392		
2.2159		
2.0731		
1.9152		
1.7468		
1.5731		
1.3995		
1.2311		
1.0731		
0.9303		
0.8071		
0.7071		
0.6334		
0.5883		
0.5731		
0.5883		
0.6334		
0.7071		
0.8071		
0.9303		
1.0731		
1.2311		
1.3995		
1.5731		
1.2071		
1.3808		
1.5491		
1.7071		
1.8499		
1.9732		
2.0731		
2.1468		
2.1919		
2.2071		
2.1919		
2.1468		
2.0731		
1.9732		
1.8499		
1.7071		
1.5491		
1.3808		
1.2071		
1.0335		
0.8651		
0.7071		
0.5643		
0.4411		
0.3411		
0.2674		
0.2223		
0.2071		
0.2223		
0.2674		
0.3411		
0.4411		
0.5643		
0.7071		
0.8651		
1.0335		
1.2071		
0.7071		
0.8808		
1.0491		
1.2071		
1.3499		
1.4732		
1.5731		
1.6468		
1.6919		
1.7071		
1.6919		
1.6468		
1.5731		
1.4732		
1.3499		
1.2071		
1.0491		
0.8808		
0.7071		
0.5335		
0.3651		
0.2071		
0.0643		
-0.0589		
-0.1589		
-0.2326		
-0.2777		
-0.2929		
-0.2777		
-0.2326		
-0.1589		
-0.0589		
0.0643		
0.2071		
0.3651		
0.5335		
0.7071		
0.2071		
0.3808		
0.5491		
0.7071		
0.8499		
0.9732		
1.0731		
1.1468		
1.1919		
1.2071		
1.1919		
1.1468		
1.0731		
0.9732		
0.8499		
0.7071		
0.5491		
0.3808		
0.2071		
0.0335		
-0.1349		
-0.2929		
-0.4357		
-0.5589		
-0.6589		
-0.7326		
-0.7777		
-0.7929		
-0.7777		
-0.7326		
-0.6589		
-0.5589		
-0.4357		
-0.2929		
-0.1349		
0.0335		
0.2071		
-0.1589		
0.0147		
0.1831		
0.3411		
0.4839		
0.6071		
0.7071		
0.7808		
0.8259		
0.8411		
0.8259		
0.7808		
0.7071		
0.6071		
0.4839		
0.3411		
0.1831		
0.0147		
-0.1589		
-0.3326		
-0.5009		
-0.6589		
-0.8017		
-0.9250		
-1.0249		
-1.0986		
-1.1437		
-1.1589		
-1.1437		
-1.0986		
-1.0249		
-0.9250		
-0.8017		
-0.6589		
-0.5009		
-0.3326		
-0.1589		
-0.2929		
-0.1192		
0.0491		
0.2071		
0.3499		
0.4732		
0.5731		
0.6468		
0.6919		
0.7071		
0.6919		
0.6468		
0.5731		
0.4732		
0.3499		
0.2071		
0.0491		
-0.1192		
-0.2929		
-0.4665		
-0.6349		
-0.7929		
-0.9357		
-1.0589		
-1.1589		
-1.2326		
-1.2777		
-1.2929		
-1.2777		
-1.2326		
-1.1589		
-1.0589		
-0.9357		
-0.7929		
-0.6349		
-0.4665		
-0.2929		
-0.1589		
0.0147		
0.1831		
0.3411		
0.4839		
0.6071		
0.7071		
0.7808		
0.8259		
0.8411		
0.8259		
0.7808		
0.7071		
0.6071		
0.4839		
0.3411		
0.1831		
0.0147		
-0.1589		
-0.3326		
-0.5009		
-0.6589		
-0.8017		
-0.9250		
-1.0249		
-1.0986		
-1.1437		
-1.1589		
-1.1437		
-1.0986		
-1.0249		
-0.9250		
-0.8017		
-0.6589		
-0.5009		
-0.3326		
-0.1589		
0.2071		
0.3808		
0.5491		
0.7071		
0.8499		
0.9732		
1.0731		
1.1468		
1.1919		
1.2071		
1.1919		
1.1468		
1.0731		
0.9732		
0.8499		
0.7071		
0.5491		
0.3808		
0.2071		
0.0335		
-0.1349		
-0.2929		
-0.4357		
-0.5589		
-0.6589		
-0.7326		
-0.7777		
-0.7929		
-0.7777		
-0.7326		
-0.6589		
-0.5589		
-0.4357		
-0.2929		
-0.1349		
0.0335		
0.2071		
0.7071		
0.8808		
1.0491		
1.2071		
1.3499		
1.4732		
1.5731		
1.6468		
1.6919		
1.7071		
1.6919		
1.6468		
1.5731		
1.4732		
1.3499		
1.2071		
1.0491		
0.8808		
0.7071		
0.5335		
0.3651		
0.2071		
0.0643		
-0.0589		
-0.1589		
-0.2326		
-0.2777		
-0.2929		
-0.2777		
-0.2326		
-0.1589		
-0.0589		
0.0643		
0.2071		
0.3651		
0.5335		
0.7071		
1.0000		
1.1736		
1.3420		
1.5000		
1.6428		
1.7660		
1.8660		
1.9397		
1.9848		
2.0000		
1.9848		
1.9397		
1.8660		
1.7660		
1.6428		
1.5000		
1.3420		
1.1736		
1.0000		
0.8264		
0.6580		
0.5000		
0.3572		
0.2340		
0.1340		
0.0603		
0.0152		
0.0000		
0.0152		
0.0603		
0.1340		
0.2340		
0.3572		
0.5000		
0.6580		
0.8264		
1.0000		
1.5000		
1.6736		
1.8420		
2.0000		
2.1428		
2.2660		
2.3660		
2.4397		
2.4848		
2.5000		
2.4848		
2.4397		
2.3660		
2.2660		
2.1428		
2.0000		
1.8420		
1.6736		
1.5000		
1.3264		
1.1580		
1.0000		
0.8572		
0.7340		
0.6340		
0.5603		
0.5152		
0.5000		
0.5152		
0.5603		
0.6340		
0.7340		
0.8572		
1.0000		
1.1580		
1.3264		
1.5000		
1.8660		
2.0397		
2.2080		
2.3660		
2.5088		
2.6321		
2.7321		
2.8057		
2.8508		
2.8660		
2.8508		
2.8057		
2.7321		
2.6321		
2.5088		
2.3660		
2.2080		
2.0397		
1.8660		
1.6924		
1.5240		
1.3660		
1.2232		
1.1000		
1.0000		
0.9263		
0.8812		
0.8660		
0.8812		
0.9263		
1.0000		
1.1000		
1.2232		
1.3660		
1.5240		
1.6924		
1.8660		
2.0000		
2.1736		
2.3420		
2.5000		
2.6428		
2.7660		
2.8660		
2.9397		
2.9848		
3.0000		
2.9848		
2.9397		
2.8660		
2.7660		
2.6428		
2.5000		
2.3420		
2.1736		
2.0000		
1.8264		
1.6580		
1.5000		
1.3572		
1.2340		
1.1340		
1.0603		
1.0152		
1.0000		
1.0152		
1.0603		
1.1340		
1.2340		
1.3572		
1.5000		
1.6580		
1.8264		
2.0000		
1.8660		
2.0397		
2.2080		
2.3660		
2.5088		
2.6321		
2.7321		
2.8057		
2.8508		
2.8660		
2.8508		
2.8057		
2.7321		
2.6321		
2.5088		
2.3660		
2.2080		
2.0397		
1.8660		
1.6924		
1.5240		
1.3660		
1.2232		
1.1000		
1.0000		
0.9263		
0.8812		
0.8660		
0.8812		
0.9263		
1.0000		
1.1000		
1.2232		
1.3660		
1.5240		
1.6924		
1.8660		
1.5000		
1.6736		
1.8420		
2.0000		
2.1428		
2.2660		
2.3660		
2.4397		
2.4848		
2.5000		
2.4848		
2.4397		
2.3660		
2.2660		
2.1428		
2.0000		
1.8420		
1.6736		
1.5000		
1.3264		
1.1580		
1.0000		
0.8572		
0.7340		
0.6340		
0.5603		
0.5152		
0.5000		
0.5152		
0.5603		
0.6340		
0.7340		
0.8572		
1.0000		
1.1580		
1.3264		
1.5000		
1.0000		
1.1736		
1.3420		
1.5000		
1.6428		
1.7660		
1.8660		
1.9397		
1.9848		
2.0000		
1.9848		
1.9397		
1.8660		
1.7660		
1.6428		
1.5000		
1.3420		
1.1736		
1.0000		
0.8264		
0.6580		
0.5000		
0.3572		
0.2340		
0.1340		
0.0603		
0.0152		
0.0000		
0.0152		
0.0603		
0.1340		
0.2340		
0.3572		
0.5000		
0.6580		
0.8264		
1.0000		
0.5000		
0.6736		
0.8420		
1.0000		
1.1428		
1.2660		
1.3660		
1.4397		
1.4848		
1.5000		
1.4848		
1.4397		
1.3660		
1.2660		
1.1428		
1.0000		
0.8420		
0.6736		
0.5000		
0.3264		
0.1580		
0.0000		
-0.1428		
-0.2660		
-0.3660		
-0.4397		
-0.4848		
-0.5000		
-0.4848		
-0.4397		
-0.3660		
-0.2660		
-0.1428		
0.0000		
0.1580		
0.3264		
0.5000		
0.1340		
0.3076		
0.4760		
0.6340		
0.7768		
0.9000		
1.0000		
1.0737		
1.1188		
1.1340		
1.1188		
1.0737		
1.0000		
0.9000		
0.7768		
0.6340		
0.4760		
0.3076		
0.1340		
-0.0397		
-0.2080		
-0.3660		
-0.5088		
-0.6321		
-0.7321		
-0.8057		
-0.8508		
-0.8660		
-0.8508		
-0.8057		
-0.7321		
-0.6321		
-0.5088		
-0.3660		
-0.2080		
-0.0397		
0.1340		
0.0000		
0.1736		
0.3420		
0.5000		
0.6428		
0.7660		
0.8660		
0.9397		
0.9848		
1.0000		
0.9848		
0.9397		
0.8660		
0.7660		
0.6428		
0.5000		
0.3420		
0.1736		
0.0000		
-0.1736		
-0.3420		
-0.5000		
-0.6428		
-0.7660		
-0.8660		
-0.9397		
-0.9848		
-1.0000		
-0.9848		
-0.9397		
-0.8660		
-0.7660		
-0.6428		
-0.5000		
-0.3420		
-0.1736		
0.0000		
0.1340		
0.3076		
0.4760		
0.6340		
0.7768		
0.9000		
1.0000		
1.0737		
1.1188		
1.1340		
1.1188		
1.0737		
1.0000		
0.9000		
0.7768		
0.6340		
0.4760		
0.3076		
0.1340		
-0.0397		
-0.2080		
-0.3660		
-0.5088		
-0.6321		
-0.7321		
-0.8057		
-0.8508		
-0.8660		
-0.8508		
-0.8057		
-0.7321		
-0.6321		
-0.5088		
-0.3660		
-0.2080		
-0.0397		
0.1340		
0.5000		
0.6736		
0.8420		
1.0000		
1.1428		
1.2660		
1.3660		
1.4397		
1.4848		
1.5000		
1.4848		
1.4397		
1.3660		
1.2660		
1.1428		
1.0000		
0.8420		
0.6736		
0.5000		
0.3264		
0.1580		
0.0000		
-0.1428		
-0.2660		
-0.3660		
-0.4397		
-0.4848		
-0.5000		
-0.4848		
-0.4397		
-0.3660		
-0.2660		
-0.1428		
0.0000		
0.1580		
0.3264		
0.5000		
1.0000		
1.1736		
1.3420		
1.5000		
1.6428		
1.7660		
1.8660		
1.9397		
1.9848		
2.0000		
1.9848		
1.9397		
1.8660		
1.7660		
1.6428		
1.5000		
1.3420		
1.1736		
1.0000		
0.8264		
0.6580		
0.5000		
0.3572		
0.2340		
0.1340		
0.0603		
0.0152		
0.0000		
0.0152		
0.0603		
0.1340		
0.2340		
0.3572		
0.5000		
0.6580		
0.8264		
1.0000		
0.7071		
0.8808		
1.0491		
1.2071		
1.3499		
1.4732		
1.5731		
1.6468		
1.6919		
1.7071		
1.6919		
1.6468		
1.5731		
1.4732		
1.3499		
1.2071		
1.0491		
0.8808		
0.7071		
0.5335		
0.3651		
0.2071		
0.0643		
-0.0589		
-0.1589		
-0.2326		
-0.2777		
-0.2929		
-0.2777		
-0.2326		
-0.1589		
-0.0589		
0.0643		
0.2071		
0.3651		
0.5335		
0.7071		
1.2071		
1.3808		
1.5491		
1.7071		
1.8499		
1.9732		
2.0731		
2.1468		
2.1919		
2.2071		
2.1919		
2.1468		
2.0731		
1.9732		
1.8499		
1.7071		
1.5491		
1.3808		
1.2071		
1.0335		
0.8651		
0.7071		
0.5643		
0.4411		
0.3411		
0.2674		
0.2223		
0.2071		
0.2223		
0.2674		
0.3411		
0.4411		
0.5643		
0.7071		
0.8651		
1.0335		
1.2071		
1.5731		
1.7468		
1.9152		
2.0731		
2.2159		
2.3392		
2.4392		
2.5128		
2.5579		
2.5731		
2.5579		
2.5128		
2.4392		
2.3392		
2.2159		
2.0731		
1.9152		
1.7468		
1.5731		
1.3995		
1.2311		
1.0731		
0.9303		
0.8071		
0.7071		
0.6334		
0.5883		
0.5731		
0.5883		
0.6334		
0.7071		
0.8071		
0.9303		
1.0731		
1.2311		
1.3995		
1.5731		
1.7071		
1.8808		
2.0491		
2.2071		
2.3499		
2.4732		
2.5731		
2.6468		
2.6919		
2.7071		
2.6919		
2.6468		
2.5731		
2.4732		
2.3499		
2.2071		
2.0491		
1.8808		
1.7071		
1.5335		
1.3651		
1.2071		
1.0643		
0.9411		
0.8411		
0.7674		
0.7223		
0.7071		
0.7223		
0.7674		
0.8411		
0.9411		
1.0643		
1.2071		
1.3651		
1.5335		
1.7071		
1.5731		
1.7468		
1.9152		
2.0731		
2.2159		
2.3392		
2.4392		
2.5128		
2.5579		
2.5731		
2.5579		
2.5128		
2.4392		
2.3392		
2.2159		
2.0731		
1.9152		
1.7468		
1.5731		
1.3995		
1.2311		
1.0731		
0.9303		
0.8071		
0.7071		
0.6334		
0.5883		
0.5731		
0.5883		
0.6334		
0.7071		
0.8071		
0.9303		
1.0731		
1.2311		
1.3995		
1.5731		
1.2071		
1.3808		
1.5491		
1.7071		
1.8499		
1.9732		
2.0731		
2.1468		
2.1919		
2.2071		
2.1919		
2.1468		
2.0731		
1.9732		
1.8499		
1.7071		
1.5491		
1.3808		
1.2071		
1.0335		
0.8651		
0.7071		
0.5643		
0.4411		
0.3411		
0.2674		
0.2223		
0.2071		
0.2223		
0.2674		
0.3411		
0.4411		
0.5643		
0.7071		
0.8651		
1.0335		
1.2071		
0.7071		
0.8808		
1.0491		
1.2071		
1.3499		
1.4732		
1.5731		
1.6468		
1.6919		
1.7071		
1.6919		
1.6468		
1.5731		
1.4732		
1.3499		
1.2071		
1.0491		
0.8808		
0.7071		
0.5335		
0.3651		
0.2071		
0.0643		
-0.0589		
-0.1589		
-0.2326		
-0.2777		
-0.2929		
-0.2777		
-0.2326		
-0.1589		
-0.0589		
0.0643		
0.2071		
0.3651		
0.5335		
0.7071		
0.2071		
0.3808		
0.5491		
0.7071		
0.8499		
0.9732		
1.0731		
1.1468		
1.1919		
1.2071		
1.1919		
1.1468		
1.0731		
0.9732		
0.8499		
0.7071		
0.5491		
0.3808		
0.2071		
0.0335		
-0.1349		
-0.2929		
-0.4357		
-0.5589		
-0.6589		
-0.7326		
-0.7777		
-0.7929		
-0.7777		
-0.7326		
-0.6589		
-0.5589		
-0.4357		
-0.2929		
-0.1349		
0.0335		
0.2071		
-0.1589		
0.0147		
0.1831		
0.3411		
0.4839		
0.6071		
0.7071		
0.7808		
0.8259		
0.8411		
0.8259		
0.7808		
0.7071		
0.6071		
0.4839		
0.3411		
0.1831		
0.0147		
-0.1589		
-0.3326		
-0.5009		
-0.6589		
-0.8017		
-0.9250		
-1.0249		
-1.0986		
-1.1437		
-1.1589		
-1.1437		
-1.0986		
-1.0249		
-0.9250		
-0.8017		
-0.6589		
-0.5009		
-0.3326		
-0.1589		
-0.2929		
-0.1192		
0.0491		
0.2071		
0.3499		
0.4732		
0.5731		
0.6468		
0.6919		
0.7071		
0.6919		
0.6468		
0.5731		
0.4732		
0.3499		
0.2071		
0.0491		
-0.1192		
-0.2929		
-0.4665		
-0.6349		
-0.7929		
-0.9357		
-1.0589		
-1.1589		
-1.2326		
-1.2777		
-1.2929		
-1.2777		
-1.2326		
-1.1589		
-1.0589		
-0.9357		
-0.7929		
-0.6349		
-0.4665		
-0.2929		
-0.1589		
0.0147		
0.1831		
0.3411		
0.4839		
0.6071		
0.7071		
0.7808		
0.8259		
0.8411		
0.8259		
0.7808		
0.7071		
0.6071		
0.4839		
0.3411		
0.1831		
0.0147		
-0.1589		
-0.3326		
-0.5009		
-0.6589		
-0.8017		
-0.9250		
-1.0249		
-1.0986		
-1.1437		
-1.1589		
-1.1437		
-1.0986		
-1.0249		
-0.9250		
-0.8017		
-0.6589		
-0.5009		
-0.3326		
-0.1589		
0.2071		
0.3808		
0.5491		
0.7071		
0.8499		
0.9732		
1.0731		
1.1468		
1.1919		
1.2071		
1.1919		
1.1468		
1.0731		
0.9732		
0.8499		
0.7071		
0.5491		
0.3808		
0.2071		
0.0335		
-0.1349		
-0.2929		
-0.4357		
-0.5589		
-0.6589		
-0.7326		
-0.7777		
-0.7929		
-0.7777		
-0.7326		
-0.6589		
-0.5589		
-0.4357		
-0.2929		
-0.1349		
0.0335		
0.2071		
0.7071		
0.8808		
1.0491		
1.2071		
1.3499		
1.4732		
1.5731		
1.6468		
1.6919		
1.7071		
1.6919		
1.6468		
1.5731		
1.4732		
1.3499		
1.2071		
1.0491		
0.8808		
0.7071		
0.5335		
0.3651		
0.2071		
0.0643		
-0.0589		
-0.1589		
-0.2326		
-0.2777		
-0.2929		
-0.2777		
-0.2326		
-0.1589		
-0.0589		
0.0643		
0.2071		
0.3651		
0.5335		
0.7071		
0.0000		
0.1736		
0.3420		
0.5000		
0.6428		
0.7660		
0.8660		
0.9397		
0.9848		
1.0000		
0.9848		
0.9397		
0.8660		
0.7660		
0.6428		
0.5000		
0.3420		
0.1736		
0.0000		
-0.1736		
-0.3420		
-0.5000		
-0.6428		
-0.7660		
-0.8660		
-0.9397		
-0.9848		
-1.0000		
-0.9848		
-0.9397		
-0.8660		
-0.7660		
-0.6428		
-0.5000		
-0.3420		
-0.1736		
0.0000		
0.5000		
0.6736		
0.8420		
1.0000		
1.1428		
1.2660		
1.3660		
1.4397		
1.4848		
1.5000		
1.4848		
1.4397		
1.3660		
1.2660		
1.1428		
1.0000		
0.8420		
0.6736		
0.5000		
0.3264		
0.1580		
0.0000		
-0.1428		
-0.2660		
-0.3660		
-0.4397		
-0.4848		
-0.5000		
-0.4848		
-0.4397		
-0.3660		
-0.2660		
-0.1428		
0.0000		
0.1580		
0.3264		
0.5000		
0.8660		
1.0397		
1.2080		
1.3660		
1.5088		
1.6321		
1.7321		
1.8057		
1.8508		
1.8660		
1.8508		
1.8057		
1.7321		
1.6321		
1.5088		
1.3660		
1.2080		
1.0397		
0.8660		
0.6924		
0.5240		
0.3660		
0.2232		
0.1000		
0.0000		
-0.0737		
-0.1188		
-0.1340		
-0.1188		
-0.0737		
0.0000		
0.1000		
0.2232		
0.3660		
0.5240		
0.6924		
0.8660		
1.0000		
1.1736		
1.3420		
1.5000		
1.6428		
1.7660		
1.8660		
1.9397		
1.9848		
2.0000		
1.9848		
1.9397		
1.8660		
1.7660		
1.6428		
1.5000		
1.3420		
1.1736		
1.0000		
0.8264		
0.6580		
0.5000		
0.3572		
0.2340		
0.1340		
0.0603		
0.0152		
0.0000		
0.0152		
0.0603		
0.1340		
0.2340		
0.3572		
0.5000		
0.6580		
0.8264		
1.0000		
0.8660		
1.0397		
1.2080		
1.3660		
1.5088		
1.6321		
1.7321		
1.8057		
1.8508		
1.8660		
1.8508		
1.8057		
1.7321		
1.6321		
1.5088		
1.3660		
1.2080		
1.0397		
0.8660		
0.6924		
0.5240		
0.3660		
0.2232		
0.1000		
0.0000		
-0.0737		
-0.1188		
-0.1340		
-0.1188		
-0.0737		
0.0000		
0.1000		
0.2232		
0.3660		
0.5240		
0.6924		
0.8660		
0.5000		
0.6736		
0.8420		
1.0000		
1.1428		
1.2660		
1.3660		
1.4397		
1.4848		
1.5000		
1.4848		
1.4397		
1.3660		
1.2660		
1.1428		
1.0000		
0.8420		
0.6736		
0.5000		
0.3264		
0.1580		
0.0000		
-0.1428		
-0.2660		
-0.3660		
-0.4397		
-0.4848		
-0.5000		
-0.4848		
-0.4397		
-0.3660		
-0.2660		
-0.1428		
0.0000		
0.1580		
0.3264		
0.5000		
0.0000		
0.1736		
0.3420		
0.5000		
0.6428		
0.7660		
0.8660		
0.9397		
0.9848		
1.0000		
0.9848		
0.9397		
0.8660		
0.7660		
0.6428		
0.5000		
0.3420		
0.1736		
0.0000		
-0.1736		
-0.3420		
-0.5000		
-0.6428		
-0.7660		
-0.8660		
-0.9397		
-0.9848		
-1.0000		
-0.9848		
-0.9397		
-0.8660		
-0.7660		
-0.6428		
-0.5000		
-0.3420		
-0.1736		
0.0000		
-0.5000		
-0.3264		
-0.1580		
0.0000		
0.1428		
0.2660		
0.3660		
0.4397		
0.4848		
0.5000		
0.4848		
0.4397		
0.3660		
0.2660		
0.1428		
0.0000		
-0.1580		
-0.3264		
-0.5000		
-0.6736		
-0.8420		
-1.0000		
-1.1428		
-1.2660		
-1.3660		
-1.4397		
-1.4848		
-1.5000		
-1.4848		
-1.4397		
-1.3660		
-1.2660		
-1.1428		
-1.0000		
-0.8420		
-0.6736		
-0.5000		
-0.8660		
-0.6924		
-0.5240		
-0.3660		
-0.2232		
-0.1000		
0.0000		
0.0737		
0.1188		
0.1340		
0.1188		
0.0737		
0.0000		
-0.1000		
-0.2232		
-0.3660		
-0.5240		
-0.6924		
-0.8660		
-1.0397		
-1.2080		
-1.3660		
-1.5088		
-1.6321		
-1.7321		
-1.8057		
-1.8508		
-1.8660		
-1.8508		
-1.8057		
-1.7321		
-1.6321		
-1.5088		
-1.3660		
-1.2080		
-1.0397		
-0.8660		
-1.0000		
-0.8264		
-0.6580		
-0.5000		
-0.3572		
-0.2340		
-0.1340		
-0.0603		
-0.0152		
0.0000		
-0.0152		
-0.0603		
-0.1340		
-0.2340		
-0.3572		
-0.5000		
-0.6580		
-0.8264		
-1.0000		
-1.1736		
-1.3420		
-1.5000		
-1.6428		
-1.7660		
-1.8660		
-1.9397		
-1.9848		
-2.0000		
-1.9848		
-1.9397		
-1.8660		
-1.7660		
-1.6428		
-1.5000		
-1.3420		
-1.1736		
-1.0000		
-0.8660		
-0.6924		
-0.5240		
-0.3660		
-0.2232		
-0.1000		
0.0000		
0.0737		
0.1188		
0.1340		
0.1188		
0.0737		
0.0000		
-0.1000		
-0.2232		
-0.3660		
-0.5240		
-0.6924		
-0.8660		
-1.0397		
-1.2080		
-1.3660		
-1.5088		
-1.6321		
-1.7321		
-1.8057		
-1.8508		
-1.8660		
-1.8508		
-1.8057		
-1.7321		
-1.6321		
-1.5088		
-1.3660		
-1.2080		
-1.0397		
-0.8660		
-0.5000		
-0.3264		
-0.1580		
0.0000		
0.1428		
0.2660		
0.3660		
0.4397		
0.4848		
0.5000		
0.4848		
0.4397		
0.3660		
0.2660		
0.1428		
0.0000		
-0.1580		
-0.3264		
-0.5000		
-0.6736		
-0.8420		
-1.0000		
-1.1428		
-1.2660		
-1.3660		
-1.4397		
-1.4848		
-1.5000		
-1.4848		
-1.4397		
-1.3660		
-1.2660		
-1.1428		
-1.0000		
-0.8420		
-0.6736		
-0.5000		
0.0000		
0.1736		
0.3420		
0.5000		
0.6428		
0.7660		
0.8660		
0.9397		
0.9848		
1.0000		
0.9848		
0.9397		
0.8660		
0.7660		
0.6428		
0.5000		
0.3420		
0.1736		
0.0000		
-0.1736		
-0.3420		
-0.5000		
-0.6428		
-0.7660		
-0.8660		
-0.9397		
-0.9848		
-1.0000		
-0.9848		
-0.9397		
-0.8660		
-0.7660		
-0.6428		
-0.5000		
-0.3420		
-0.1736		
0.0000		
-0.7071		
-0.5335		
-0.3651		
-0.2071		
-0.0643		
0.0589		
0.1589		
0.2326		
0.2777		
0.2929		
0.2777		
0.2326		
0.1589		
0.0589		
-0.0643		
-0.2071		
-0.3651		
-0.5335		
-0.7071		
-0.8808		
-1.0491		
-1.2071		
-1.3499		
-1.4732		
-1.5731		
-1.6468		
-1.6919		
-1.7071		
-1.6919		
-1.6468		
-1.5731		
-1.4732		
-1.3499		
-1.2071		
-1.0491		
-0.8808		
-0.7071		
-0.2071		
-0.0335		
0.1349		
0.2929		
0.4357		
0.5589		
0.6589		
0.7326		
0.7777		
0.7929		
0.7777		
0.7326		
0.6589		
0.5589		
0.4357		
0.2929		
0.1349		
-0.0335		
-0.2071		
-0.3808		
-0.5491		
-0.7071		
-0.8499		
-0.9732		
-1.0731		
-1.1468		
-1.1919		
-1.2071		
-1.1919		
-1.1468		
-1.0731		
-0.9732		
-0.8499		
-0.7071		
-0.5491		
-0.3808		
-0.2071		
0.1589		
0.3326		
0.5009		
0.6589		
0.8017		
0.9250		
1.0249		
1.0986		
1.1437		
1.1589		
1.1437		
1.0986		
1.0249		
0.9250		
0.8017		
0.6589		
0.5009		
0.3326		
0.1589		
-0.0147		
-0.1831		
-0.3411		
-0.4839		
-0.6071		
-0.7071		
-0.7808		
-0.8259		
-0.8411		
-0.8259		
-0.7808		
-0.7071		
-0.6071		
-0.4839		
-0.3411		
-0.1831		
-0.0147		
0.1589		
0.2929		
0.4665		
0.6349		
0.7929		
0.9357		
1.0589		
1.1589		
1.2326		
1.2777		
1.2929		
1.2777		
1.2326		
1.1589		
1.0589		
0.9357		
0.7929		
0.6349		
0.4665		
0.2929		
0.1192		
-0.0491		
-0.2071		
-0.3499		
-0.4732		
-0.5731		
-0.6468		
-0.6919		
-0.7071		
-0.6919		
-0.6468		
-0.5731		
-0.4732		
-0.3499		
-0.2071		
-0.0491		
0.1192		
0.2929		
0.1589		
0.3326		
0.5009		
0.6589		
0.8017		
0.9250		
1.0249		
1.0986		
1.1437		
1.1589		
1.1437		
1.0986		
1.0249		
0.9250		
0.8017		
0.6589		
0.5009		
0.3326		
0.1589		
-0.0147		
-0.1831		
-0.3411		
-0.4839		
-0.6071		
-0.7071		
-0.7808		
-0.8259		
-0.8411		
-0.8259		
-0.7808		
-0.7071		
-0.6071		
-0.4839		
-0.3411		
-0.1831		
-0.0147		
0.1589		
-0.2071		
-0.0335		
0.1349		
0.2929		
0.4357		
0.5589		
0.6589		
0.7326		
0.7777		
0.7929		
0.7777		
0.7326		
0.6589		
0.5589		
0.4357		
0.2929		
0.1349		
-0.0335		
-0.2071		
-0.3808		
-0.5491		
-0.7071		
-0.8499		
-0.9732		
-1.0731		
-1.1468		
-1.1919		
-1.2071		
-1.1919		
-1.1468		
-1.0731		
-0.9732		
-0.8499		
-0.7071		
-0.5491		
-0.3808		
-0.2071		
-0.7071		
-0.5335		
-0.3651		
-0.2071		
-0.0643		
0.0589		
0.1589		
0.2326		
0.2777		
0.2929		
0.2777		
0.2326		
0.1589		
0.0589		
-0.0643		
-0.2071		
-0.3651		
-0.5335		
-0.7071		
-0.8808		
-1.0491		
-1.2071		
-1.3499		
-1.4732		
-1.5731		
-1.6468		
-1.6919		
-1.7071		
-1.6919		
-1.6468		
-1.5731		
-1.4732		
-1.3499		
-1.2071		
-1.0491		
-0.8808		
-0.7071		
-1.2071		
-1.0335		
-0.8651		
-0.7071		
-0.5643		
-0.4411		
-0.3411		
-0.2674		
-0.2223		
-0.2071		
-0.2223		
-0.2674		
-0.3411		
-0.4411		
-0.5643		
-0.7071		
-0.8651		
-1.0335		
-1.2071		
-1.3808		
-1.5491		
-1.7071		
-1.8499		
-1.9732		
-2.0731		
-2.1468		
-2.1919		
-2.2071		
-2.1919		
-2.1468		
-2.0731		
-1.9732		
-1.8499		
-1.7071		
-1.5491		
-1.3808		
-1.2071		
-1.5731		
-1.3995		
-1.2311		
-1.0731		
-0.9303		
-0.8071		
-0.7071		
-0.6334		
-0.5883		
-0.5731		
-0.5883		
-0.6334		
-0.7071		
-0.8071		
-0.9303		
-1.0731		
-1.2311		
-1.3995		
-1.5731		
-1.7468		
-1.9152		
-2.0731		
-2.2159		
-2.3392		
-2.4392		
-2.5128		
-2.5579		
-2.5731		
-2.5579		
-2.5128		
-2.4392		
-2.3392		
-2.2159		
-2.0731		
-1.9152		
-1.7468		
-1.5731		
-1.7071		
-1.5335		
-1.3651		
-1.2071		
-1.0643		
-0.9411		
-0.8411		
-0.7674		
-0.7223		
-0.7071		
-0.7223		
-0.7674		
-0.8411		
-0.9411		
-1.0643		
-1.2071		
-1.3651		
-1.5335		
-1.7071		
-1.8808		
-2.0491		
-2.2071		
-2.3499		
-2.4732		
-2.5731		
-2.6468		
-2.6919		
-2.7071		
-2.6919		
-2.6468		
-2.5731		
-2.4732		
-2.3499		
-2.2071		
-2.0491		
-1.8808		
-1.7071		
-1.5731		
-1.3995		
-1.2311		
-1.0731		
-0.9303		
-0.8071		
-0.7071		
-0.6334		
-0.5883		
-0.5731		
-0.5883		
-0.6334		
-0.7071		
-0.8071		
-0.9303		
-1.0731		
-1.2311		
-1.3995		
-1.5731		
-1.7468		
-1.9152		
-2.0731		
-2.2159		
-2.3392		
-2.4392		
-2.5128		
-2.5579		
-2.5731		
-2.5579		
-2.5128		
-2.4392		
-2.3392		
-2.2159		
-2.0731		
-1.9152		
-1.7468		
-1.5731		
-1.2071		
-1.0335		
-0.8651		
-0.7071		
-0.5643		
-0.4411		
-0.3411		
-0.2674		
-0.2223		
-0.2071		
-0.2223		
-0.2674		
-0.3411		
-0.4411		
-0.5643		
-0.7071		
-0.8651		
-1.0335		
-1.2071		
-1.3808		
-1.5491		
-1.7071		
-1.8499		
-1.9732		
-2.0731		
-2.1468		
-2.1919		
-2.2071		
-2.1919		
-2.1468		
-2.0731		
-1.9732		
-1.8499		
-1.7071		
-1.5491		
-1.3808		
-1.2071		
-0.7071		
-0.5335		
-0.3651		
-0.2071		
-0.0643		
0.0589		
0.1589		
0.2326		
0.2777		
0.2929		
0.2777		
0.2326		
0.1589		
0.0589		
-0.0643		
-0.2071		
-0.3651		
-0.5335		
-0.7071		
-0.8808		
-1.0491		
-1.2071		
-1.3499		
-1.4732		
-1.5731		
-1.6468		
-1.6919		
-1.7071		
-1.6919		
-1.6468		
-1.5731		
-1.4732		
-1.3499		
-1.2071		
-1.0491		
-0.8808		
-0.7071		
-1.0000		
-0.8264		
-0.6580		
-0.5000		
-0.3572		
-0.2340		
-0.1340		
-0.0603		
-0.0152		
0.0000		
-0.0152		
-0.0603		
-0.1340		
-0.2340		
-0.3572		
-0.5000		
-0.6580		
-0.8264		
-1.0000		
-1.1736		
-1.3420		
-1.5000		
-1.6428		
-1.7660		
-1.8660		
-1.9397		
-1.9848		
-2.0000		
-1.9848		
-1.9397		
-1.8660		
-1.7660		
-1.6428		
-1.5000		
-1.3420		
-1.1736		
-1.0000		
-0.5000		
-0.3264		
-0.1580		
0.0000		
0.1428		
0.2660		
0.3660		
0.4397		
0.4848		
0.5000		
0.4848		
0.4397		
0.3660		
0.2660		
0.1428		
0.0000		
-0.1580		
-0.3264		
-0.5000		
-0.6736		
-0.8420		
-1.0000		
-1.1428		
-1.2660		
-1.3660		
-1.4397		
-1.4848		
-1.5000		
-1.4848		
-1.4397		
-1.3660		
-1.2660		
-1.1428		
-1.0000		
-0.8420		
-0.6736		
-0.5000		
-0.1340		
0.0397		
0.2080		
0.3660		
0.5088		
0.6321		
0.7321		
0.8057		
0.8508		
0.8660		
0.8508		
0.8057		
0.7321		
0.6321		
0.5088		
0.3660		
0.2080		
0.0397		
-0.1340		
-0.3076		
-0.4760		
-0.6340		
-0.7768		
-0.9000		
-1.0000		
-1.0737		
-1.1188		
-1.1340		
-1.1188		
-1.0737		
-1.0000		
-0.9000		
-0.7768		
-0.6340		
-0.4760		
-0.3076		
-0.1340		
0.0000		
0.1736		
0.3420		
0.5000		
0.6428		
0.7660		
0.8660		
0.9397		
0.9848		
1.0000		
0.9848		
0.9397		
0.8660		
0.7660		
0.6428		
0.5000		
0.3420		
0.1736		
0.0000		
-0.1736		
-0.3420		
-0.5000		
-0.6428		
-0.7660		
-0.8660		
-0.9397		
-0.9848		
-1.0000		
-0.9848		
-0.9397		
-0.8660		
-0.7660		
-0.6428		
-0.5000		
-0.3420		
-0.1736		
0.0000		
-0.1340		
0.0397		
0.2080		
0.3660		
0.5088		
0.6321		
0.7321		
0.8057		
0.8508		
0.8660		
0.8508		
0.8057		
0.7321		
0.6321		
0.5088		
0.3660		
0.2080		
0.0397		
-0.1340		
-0.3076		
-0.4760		
-0.6340		
-0.7768		
-0.9000		
-1.0000		
-1.0737		
-1.1188		
-1.1340		
-1.1188		
-1.0737		
-1.0000		
-0.9000		
-0.7768		
-0.6340		
-0.4760		
-0.3076		
-0.1340		
-0.5000		
-0.3264		
-0.1580		
0.0000		
0.1428		
0.2660		
0.3660		
0.4397		
0.4848		
0.5000		
0.4848		
0.4397		
0.3660		
0.2660		
0.1428		
0.0000		
-0.1580		
-0.3264		
-0.5000		
-0.6736		
-0.8420		
-1.0000		
-1.1428		
-1.2660		
-1.3660		
-1.4397		
-1.4848		
-1.5000		
-1.4848		
-1.4397		
-1.3660		
-1.2660		
-1.1428		
-1.0000		
-0.8420		
-0.6736		
-0.5000		
-1.0000		
-0.8264		
-0.6580		
-0.5000		
-0.3572		
-0.2340		
-0.1340		
-0.0603		
-0.0152		
0.0000		
-0.0152		
-0.0603		
-0.1340		
-0.2340		
-0.3572		
-0.5000		
-0.6580		
-0.8264		
-1.0000		
-1.1736		
-1.3420		
-1.5000		
-1.6428		
-1.7660		
-1.8660		
-1.9397		
-1.9848		
-2.0000		
-1.9848		
-1.9397		
-1.8660		
-1.7660		
-1.6428		
-1.5000		
-1.3420		
-1.1736		
-1.0000		
-1.5000		
-1.3264		
-1.1580		
-1.0000		
-0.8572		
-0.7340		
-0.6340		
-0.5603		
-0.5152		
-0.5000		
-0.5152		
-0.5603		
-0.6340		
-0.7340		
-0.8572		
-1.0000		
-1.1580		
-1.3264		
-1.5000		
-1.6736		
-1.8420		
-2.0000		
-2.1428		
-2.2660		
-2.3660		
-2.4397		
-2.4848		
-2.5000		
-2.4848		
-2.4397		
-2.3660		
-2.2660		
-2.1428		
-2.0000		
-1.8420		
-1.6736		
-1.5000		
-1.8660		
-1.6924		
-1.5240		
-1.3660		
-1.2232		
-1.1000		
-1.0000		
-0.9263		
-0.8812		
-0.8660		
-0.8812		
-0.9263		
-1.0000		
-1.1000		
-1.2232		
-1.3660		
-1.5240		
-1.6924		
-1.8660		
-2.0397		
-2.2080		
-2.3660		
-2.5088		
-2.6321		
-2.7321		
-2.8057		
-2.8508		
-2.8660		
-2.8508		
-2.8057		
-2.7321		
-2.6321		
-2.5088		
-2.3660		
-2.2080		
-2.0397		
-1.8660		
-2.0000		
-1.8264		
-1.6580		
-1.5000		
-1.3572		
-1.2340		
-1.1340		
-1.0603		
-1.0152		
-1.0000		
-1.0152		
-1.0603		
-1.1340		
-1.2340		
-1.3572		
-1.5000		
-1.6580		
-1.8264		
-2.0000		
-2.1736		
-2.3420		
-2.5000		
-2.6428		
-2.7660		
-2.8660		
-2.9397		
-2.9848		
-3.0000		
-2.9848		
-2.9397		
-2.8660		
-2.7660		
-2.6428		
-2.5000		
-2.3420		
-2.1736		
-2.0000		
-1.8660		
-1.6924		
-1.5240		
-1.3660		
-1.2232		
-1.1000		
-1.0000		
-0.9263		
-0.8812		
-0.8660		
-0.8812		
-0.9263		
-1.0000		
-1.1000		
-1.2232		
-1.3660		
-1.5240		
-1.6924		
-1.8660		
-2.0397		
-2.2080		
-2.3660		
-2.5088		
-2.6321		
-2.7321		
-2.8057		
-2.8508		
-2.8660		
-2.8508		
-2.8057		
-2.7321		
-2.6321		
-2.5088		
-2.3660		
-2.2080		
-2.0397		
-1.8660		
-1.5000		
-1.3264		
-1.1580		
-1.0000		
-0.8572		
-0.7340		
-0.6340		
-0.5603		
-0.5152		
-0.5000		
-0.5152		
-0.5603		
-0.6340		
-0.7340		
-0.8572		
-1.0000		
-1.1580		
-1.3264		
-1.5000		
-1.6736		
-1.8420		
-2.0000		
-2.1428		
-2.2660		
-2.3660		
-2.4397		
-2.4848		
-2.5000		
-2.4848		
-2.4397		
-2.3660		
-2.2660		
-2.1428		
-2.0000		
-1.8420		
-1.6736		
-1.5000		
-1.0000		
-0.8264		
-0.6580		
-0.5000		
-0.3572		
-0.2340		
-0.1340		
-0.0603		
-0.0152		
0.0000		
-0.0152		
-0.0603		
-0.1340		
-0.2340		
-0.3572		
-0.5000		
-0.6580		
-0.8264		
-1.0000		
-1.1736		
-1.3420		
-1.5000		
-1.6428		
-1.7660		
-1.8660		
-1.9397		
-1.9848		
-2.0000		
-1.9848		
-1.9397		
-1.8660		
-1.7660		
-1.6428		
-1.5000		
-1.3420		
-1.1736		
-1.0000		
-0.7071		
-0.5335		
-0.3651		
-0.2071		
-0.0643		
0.0589		
0.1589		
0.2326		
0.2777		
0.2929		
0.2777		
0.2326		
0.1589		
0.0589		
-0.0643		
-0.2071		
-0.3651		
-0.5335		
-0.7071		
-0.8808		
-1.0491		
-1.2071		
-1.3499		
-1.4732		
-1.5731		
-1.6468		
-1.6919		
-1.7071		
-1.6919		
-1.6468		
-1.5731		
-1.4732		
-1.3499		
-1.2071		
-1.0491		
-0.8808		
-0.7071		
-0.2071		
-0.0335		
0.1349		
0.2929		
0.4357		
0.5589		
0.6589		
0.7326		
0.7777		
0.7929		
0.7777		
0.7326		
0.6589		
0.5589		
0.4357		
0.2929		
0.1349		
-0.0335		
-0.2071		
-0.3808		
-0.5491		
-0.7071		
-0.8499		
-0.9732		
-1.0731		
-1.1468		
-1.1919		
-1.2071		
-1.1919		
-1.1468		
-1.0731		
-0.9732		
-0.8499		
-0.7071		
-0.5491		
-0.3808		
-0.2071		
0.1589		
0.3326		
0.5009		
0.6589		
0.8017		
0.9250		
1.0249		
1.0986		
1.1437		
1.1589		
1.1437		
1.0986		
1.0249		
0.9250		
0.8017		
0.6589		
0.5009		
0.3326		
0.1589		
-0.0147		
-0.1831		
-0.3411		
-0.4839		
-0.6071		
-0.7071		
-0.7808		
-0.8259		
-0.8411		
-0.8259		
-0.7808		
-0.7071		
-0.6071		
-0.4839		
-0.3411		
-0.1831		
-0.0147		
0.1589		
0.2929		
0.4665		
0.6349		
0.7929		
0.9357		
1.0589		
1.1589		
1.2326		
1.2777		
1.2929		
1.2777		
1.2326		
1.1589		
1.0589		
0.9357		
0.7929		
0.6349		
0.4665		
0.2929		
0.1192		
-0.0491		
-0.2071		
-0.3499		
-0.4732		
-0.5731		
-0.6468		
-0.6919		
-0.7071		
-0.6919		
-0.6468		
-0.5731		
-0.4732		
-0.3499		
-0.2071		
-0.0491		
0.1192		
0.2929		
0.1589		
0.3326		
0.5009		
0.6589		
0.8017		
0.9250		
1.0249		
1.0986		
1.1437		
1.1589		
1.1437		
1.0986		
1.0249		
0.9250		
0.8017		
0.6589		
0.5009		
0.3326		
0.1589		
-0.0147		
-0.1831		
-0.3411		
-0.4839		
-0.6071		
-0.7071		
-0.7808		
-0.8259		
-0.8411		
-0.8259		
-0.7808		
-0.7071		
-0.6071		
-0.4839		
-0.3411		
-0.1831		
-0.0147		
0.1589		
-0.2071		
-0.0335		
0.1349		
0.2929		
0.4357		
0.5589		
0.6589		
0.7326		
0.7777		
0.7929		
0.7777		
0.7326		
0.6589		
0.5589		
0.4357		
0.2929		
0.1349		
-0.0335		
-0.2071		
-0.3808		
-0.5491		
-0.7071		
-0.8499		
-0.9732		
-1.0731		
-1.1468		
-1.1919		
-1.2071		
-1.1919		
-1.1468		
-1.0731		
-0.9732		
-0.8499		
-0.7071		
-0.5491		
-0.3808		
-0.2071		
-0.7071		
-0.5335		
-0.3651		
-0.2071		
-0.0643		
0.0589		
0.1589		
0.2326		
0.2777		
0.2929		
0.2777		
0.2326		
0.1589		
0.0589		
-0.0643		
-0.2071		
-0.3651		
-0.5335		
-0.7071		
-0.8808		
-1.0491		
-1.2071		
-1.3499		
-1.4732		
-1.5731		
-1.6468		
-1.6919		
-1.7071		
-1.6919		
-1.6468		
-1.5731		
-1.4732		
-1.3499		
-1.2071		
-1.0491		
-0.8808		
-0.7071		
-1.2071		
-1.0335		
-0.8651		
-0.7071		
-0.5643		
-0.4411		
-0.3411		
-0.2674		
-0.2223		
-0.2071		
-0.2223		
-0.2674		
-0.3411		
-0.4411		
-0.5643		
-0.7071		
-0.8651		
-1.0335		
-1.2071		
-1.3808		
-1.5491		
-1.7071		
-1.8499		
-1.9732		
-2.0731		
-2.1468		
-2.1919		
-2.2071		
-2.1919		
-2.1468		
-2.0731		
-1.9732		
-1.8499		
-1.7071		
-1.5491		
-1.3808		
-1.2071		
-1.5731		
-1.3995		
-1.2311		
-1.0731		
-0.9303		
-0.8071		
-0.7071		
-0.6334		
-0.5883		
-0.5731		
-0.5883		
-0.6334		
-0.7071		
-0.8071		
-0.9303		
-1.0731		
-1.2311		
-1.3995		
-1.5731		
-1.7468		
-1.9152		
-2.0731		
-2.2159		
-2.3392		
-2.4392		
-2.5128		
-2.5579		
-2.5731		
-2.5579		
-2.5128		
-2.4392		
-2.3392		
-2.2159		
-2.0731		
-1.9152		
-1.7468		
-1.5731		
-1.7071		
-1.5335		
-1.3651		
-1.2071		
-1.0643		
-0.9411		
-0.8411		
-0.7674		
-0.7223		
-0.7071		
-0.7223		
-0.7674		
-0.8411		
-0.9411		
-1.0643		
-1.2071		
-1.3651		
-1.5335		
-1.7071		
-1.8808		
-2.0491		
-2.2071		
-2.3499		
-2.4732		
-2.5731		
-2.6468		
-2.6919		
-2.7071		
-2.6919		
-2.6468		
-2.5731		
-2.4732		
-2.3499		
-2.2071		
-2.0491		
-1.8808		
-1.7071		
-1.5731		
-1.3995		
-1.2311		
-1.0731		
-0.9303		
-0.8071		
-0.7071		
-0.6334		
-0.5883		
-0.5731		
-0.5883		
-0.6334		
-0.7071		
-0.8071		
-0.9303		
-1.0731		
-1.2311		
-1.3995		
-1.5731		
-1.7468		
-1.9152		
-2.0731		
-2.2159		
-2.3392		
-2.4392		
-2.5128		
-2.5579		
-2.5731		
-2.5579		
-2.5128		
-2.4392		
-2.3392		
-2.2159		
-2.0731		
-1.9152		
-1.7468		
-1.5731		
-1.2071		
-1.0335		
-0.8651		
-0.7071		
-0.5643		
-0.4411		
-0.3411		
-0.2674		
-0.2223		
-0.2071		
-0.2223		
-0.2674		
-0.3411		
-0.4411		
-0.5643		
-0.7071		
-0.8651		
-1.0335		
-1.2071		
-1.3808		
-1.5491		
-1.7071		
-1.8499		
-1.9732		
-2.0731		
-2.1468		
-2.1919		
-2.2071		
-2.1919		
-2.1468		
-2.0731		
-1.9732		
-1.8499		
-1.7071		
-1.5491		
-1.3808		
-1.2071		
-0.7071		
-0.5335		
-0.3651		
-0.2071		
-0.0643		
0.0589		
0.1589		
0.2326		
0.2777		
0.2929		
0.2777		
0.2326		
0.1589		
0.0589		
-0.0643		
-0.2071		
-0.3651		
-0.5335		
-0.7071		
-0.8808		
-1.0491		
-1.2071		
-1.3499		
-1.4732		
-1.5731		
-1.6468		
-1.6919		
-1.7071		
-1.6919		
-1.6468		
-1.5731		
-1.4732		
-1.3499		
-1.2071		
-1.0491		
-0.8808		
-0.7071		
0.0000		
0.1736		
0.3420		
0.5000		
0.6428		
0.7660		
0.8660		
0.9397		
0.9848		
1.0000		
0.9848		
0.9397		
0.8660		
0.7660		
0.6428		
0.5000		
0.3420		
0.1736		
0.0000		
-0.1736		
-0.3420		
-0.5000		
-0.6428		
-0.7660		
-0.8660		
-0.9397		
-0.9848		
-1.0000		
-0.9848		
-0.9397		
-0.8660		
-0.7660		
-0.6428		
-0.5000		
-0.3420		
-0.1736		
0.0000		
0.5000		
0.6736		
0.8420		
1.0000		
1.1428		
1.2660		
1.3660		
1.4397		
1.4848		
1.5000		
1.4848		
1.4397		
1.3660		
1.2660		
1.1428		
1.0000		
0.8420		
0.6736		
0.5000		
0.3264		
0.1580		
0.0000		
-0.1428		
-0.2660		
-0.3660		
-0.4397		
-0.4848		
-0.5000		
-0.4848		
-0.4397		
-0.3660		
-0.2660		
-0.1428		
0.0000		
0.1580		
0.3264		
0.5000		
0.8660		
1.0397		
1.2080		
1.3660		
1.5088		
1.6321		
1.7321		
1.8057		
1.8508		
1.8660		
1.8508		
1.8057		
1.7321		
1.6321		
1.5088		
1.3660		
1.2080		
1.0397		
0.8660		
0.6924		
0.5240		
0.3660		
0.2232		
0.1000		
0.0000		
-0.0737		
-0.1188		
-0.1340		
-0.1188		
-0.0737		
0.0000		
0.1000		
0.2232		
0.3660		
0.5240		
0.6924		
0.8660		
1.0000		
1.1736		
1.3420		
1.5000		
1.6428		
1.7660		
1.8660		
1.9397		
1.9848		
2.0000		
1.9848		
1.9397		
1.8660		
1.7660		
1.6428		
1.5000		
1.3420		
1.1736		
1.0000		
0.8264		
0.6580		
0.5000		
0.3572		
0.2340		
0.1340		
0.0603		
0.0152		
0.0000		
0.0152		
0.0603		
0.1340		
0.2340		
0.3572		
0.5000		
0.6580		
0.8264		
1.0000		
0.8660		
1.0397		
1.2080		
1.3660		
1.5088		
1.6321		
1.7321		
1.8057		
1.8508		
1.8660		
1.8508		
1.8057		
1.7321		
1.6321		
1.5088		
1.3660		
1.2080		
1.0397		
0.8660		
0.6924		
0.5240		
0.3660		
0.2232		
0.1000		
0.0000		
-0.0737		
-0.1188		
-0.1340		
-0.1188		
-0.0737		
0.0000		
0.1000		
0.2232		
0.3660		
0.5240		
0.6924		
0.8660		
0.5000		
0.6736		
0.8420		
1.0000		
1.1428		
1.2660		
1.3660		
1.4397		
1.4848		
1.5000		
1.4848		
1.4397		
1.3660		
1.2660		
1.1428		
1.0000		
0.8420		
0.6736		
0.5000		
0.3264		
0.1580		
0.0000		
-0.1428		
-0.2660		
-0.3660		
-0.4397		
-0.4848		
-0.5000		
-0.4848		
-0.4397		
-0.3660		
-0.2660		
-0.1428		
0.0000		
0.1580		
0.3264		
0.5000		
0.0000		
0.1736		
0.3420		
0.5000		
0.6428		
0.7660		
0.8660		
0.9397		
0.9848		
1.0000		
0.9848		
0.9397		
0.8660		
0.7660		
0.6428		
0.5000		
0.3420		
0.1736		
0.0000		
-0.1736		
-0.3420		
-0.5000		
-0.6428		
-0.7660		
-0.8660		
-0.9397		
-0.9848		
-1.0000		
-0.9848		
-0.9397		
-0.8660		
-0.7660		
-0.6428		
-0.5000		
-0.3420		
-0.1736		
0.0000		
-0.5000		
-0.3264		
-0.1580		
0.0000		
0.1428		
0.2660		
0.3660		
0.4397		
0.4848		
0.5000		
0.4848		
0.4397		
0.3660		
0.2660		
0.1428		
0.0000		
-0.1580		
-0.3264		
-0.5000		
-0.6736		
-0.8420		
-1.0000		
-1.1428		
-1.2660		
-1.3660		
-1.4397		
-1.4848		
-1.5000		
-1.4848		
-1.4397		
-1.3660		
-1.2660		
-1.1428		
-1.0000		
-0.8420		
-0.6736		
-0.5000		
-0.8660		
-0.6924		
-0.5240		
-0.3660		
-0.2232		
-0.1000		
0.0000		
0.0737		
0.1188		
0.1340		
0.1188		
0.0737		
0.0000		
-0.1000		
-0.2232		
-0.3660		
-0.5240		
-0.6924		
-0.8660		
-1.0397		
-1.2080		
-1.3660		
-1.5088		
-1.6321		
-1.7321		
-1.8057		
-1.8508		
-1.8660		
-1.8508		
-1.8057		
-1.7321		
-1.6321		
-1.5088		
-1.3660		
-1.2080		
-1.0397		
-0.8660		
-1.0000		
-0.8264		
-0.6580		
-0.5000		
-0.3572		
-0.2340		
-0.1340		
-0.0603		
-0.0152		
0.0000		
-0.0152		
-0.0603		
-0.1340		
-0.2340		
-0.3572		
-0.5000		
-0.6580		
-0.8264		
-1.0000		
-1.1736		
-1.3420		
-1.5000		
-1.6428		
-1.7660		
-1.8660		
-1.9397		
-1.9848		
-2.0000		
-1.9848		
-1.9397		
-1.8660		
-1.7660		
-1.6428		
-1.5000		
-1.3420		
-1.1736		
-1.0000		
-0.8660		
-0.6924		
-0.5240		
-0.3660		
-0.2232		
-0.1000		
0.0000		
0.0737		
0.1188		
0.1340		
0.1188		
0.0737		
0.0000		
-0.1000		
-0.2232		
-0.3660		
-0.5240		
-0.6924		
-0.8660		
-1.0397		
-1.2080		
-1.3660		
-1.5088		
-1.6321		
-1.7321		
-1.8057		
-1.8508		
-1.8660		
-1.8508		
-1.8057		
-1.7321		
-1.6321		
-1.5088		
-1.3660		
-1.2080		
-1.0397		
-0.8660		
-0.5000		
-0.3264		
-0.1580		
0.0000		
0.1428		
0.2660		
0.3660		
0.4397		
0.4848		
0.5000		
0.4848		
0.4397		
0.3660		
0.2660		
0.1428		
0.0000		
-0.1580		
-0.3264		
-0.5000		
-0.6736		
-0.8420		
-1.0000		
-1.1428		
-1.2660		
-1.3660		
-1.4397		
-1.4848		
-1.5000		
-1.4848		
-1.4397		
-1.3660		
-1.2660		
-1.1428		
-1.0000		
-0.8420		
-0.6736		
-0.5000		
0.0000		
0.1736		
0.3420		
0.5000		
0.6428		
0.7660		
0.8660		
0.9397		
0.9848		
1.0000		
0.9848		
0.9397		
0.8660		
0.7660		
0.6428		
0.5000		
0.3420		
0.1736		
0.0000		
-0.1736		
-0.3420		
-0.5000		
-0.6428		
-0.7660		
-0.8660		
-0.9397		
-0.9848		
-1.0000		
-0.9848		
-0.9397		
-0.8660		
-0.7660		
-0.6428		
-0.5000		
-0.3420		
-0.1736		
0.0000		
		
		
		
		










































































































































































































































































































































































































































































































































































































































































































































































































































































































































































































































































































































































































































































































































































































































































































































































































































































































































































































































































































































































































































































